100
10 1 2 3 4 5 10 9 8 7 6
8 101 102 103 104 105 106 103 104
0
5 1 2 3 4 9
10 6665 6663 6663 6666 6666 6662 6664 6662 6664 6665
10 901 900 902 904 903 900 901 903 904 902
10 6449 6447 6452 6448 6448 6446 6450 6450 6451 6445
9 3734 3735 3736 3733 3737 3734 3736 3737 3735
9 3916 3918 3912 3913 3919 3914 3911 3913 3915
10 61 60 62 65 64 64 61 59 63 63
10 9667 9669 9661 9670 9667 9665 9664 9662 9666 9668
7 6076 6079 6078 6077 6077 6078 6080
9 9445 9450 9449 9449 9447 9448 9447 9446 9448
7 66 62 65 61 62 64 63
8 2813 2814 2812 2814 2812 2815 2813 2815
10 4048 4048 4050 4046 4047 4049 4048 4049 4047 4047
10 7 7 6 5 5 5 5 5 7 7
8 3261 3258 3258 3259 3259 3260 3260 3259
9 3395 3395 3396 3396 3396 3395 3397 3397 3394
9 4260 4261 4257 4260 4259 4258 4259 4259 4258
7 8 8 7 9 7 10 9
8 1797 1798 1797 1795 1796 1795 1794 1796
9 3476 3476 3475 3474 3474 3477 3473 3475 3478
10 7392 7393 7394 7395 7396 7397 7398 7399 7400 7401
8 4908 4905 4904 4906 4905 4903 4904 4909
10 6999 6974 2223 8758 9471 7223 3289 9695 7957 8942
8 4995 4997 4994 4994 4993 4992 4996 4995
10 747 746 748 746 750 751 745 744 747 746
8 6825 6823 6825 6827 6826 6824 6828 6829
10 7343 7345 7345 7341 7343 7346 7342 7342 7344 7344
5 1 2 3 10000 9999
9 7504 7502 7503 7504 7500 7502 7501 7501 7503
8 7601 7603 7601 7600 7604 7603 7602 7602
9 6988 6989 6990 6990 6990 6989 6991 6989 6991
10 1096 1100 1100 1098 1096 1098 1097 1099 1097 1099
9 2490 2493 2493 2492 2492 2489 2490 2491 2491
9 127 128 129 127 128 127 126 129 128
8 9757 9760 9758 9757 9756 9758 9759 9755
10 1004 1003 1004 1005 1001 1002 1000 1003 1001 1003
8 2744 2745 2744 2746 2742 2743 2747 2745
10 5144 5143 5142 5140 5139 5141 5138 5142 5141 5140
10 2983 2980 2979 2983 2982 2982 2981 2981 2980 2979
10 3060 3059 3061 3059 3062 3061 3062 3063 3063 3060
10 849 848 851 847 852 849 848 848 848 847
9 3912 3912 3911 3910 3911 3909 3908 3913 3914
10 458 456 457 457 457 458 458 456 458 457
7 3951 3952 3953 3952 3951 3950 3953
9 5365 5364 5365 5366 5364 5366 5363 5365 5364
8 2477 2476 2475 2474 2476 2477 2475 2474
10 4436 4435 4437 4435 4436 4435 4436 4437 4438 4437
10 1667 1663 1664 1662 1667 1667 1669 1666 1666 1668
10 772 774 771 770 774 772 773 772 773 773
9 8506 8509 8510 8507 8509 8509 8510 8510 8508
8 5333 5336 5332 5334 5337 5333 5337 5336
8 5028 5027 5026 5027 5026 5025 5024 5025
8 9720 9719 9717 9718 9719 9721 9716 9720
7 101 102 103 104 105 103 104
10 6104 6100 6103 6104 6104 6103 6100 6105 6099 6101
10 3919 3925 3920 3927 3922 3926 3922 3923 3921 3928
8 1186 1186 1185 1184 1183 1185 1187 1184
8 5308 5307 5305 5308 5309 5304 5306 5307
7 102 103 104 105 106 103 104
10 3081 3084 3084 3085 3085 3082 3081 3083 3083 3082
7 4703 4704 4702 4705 4701 4702 4700
7 6180 6176 6175 6174 6178 6179 6181
9 7044 7043 7043 7045 7042 7046 7047 7044 7045
10 7815 7815 7815 7815 7815 7815 7815 7815 7815 7815
9 4243 4246 4247 4247 4244 4246 4245 4245 4245
10 1977 1973 1975 1973 1975 1974 1976 1977 1974 1976
9 6053 6053 6053 6055 6055 6054 6055 6054 6054
8 8372 8371 8373 8374 8374 8372 8371 8373
10 9693 9695 9695 9694 9694 9693 9696 9696 9692 9692
8 3564 3562 3561 3563 3561 3564 3562 3563
9 9441 9439 9444 9442 9441 9438 9440 9439 9443
10 3910 3908 3910 3907 3907 3909 3906 3906 3909 3908
7 4097 4095 4096 4096 4095 4098 4097
8 4142 4140 4144 4140 4142 4143 4141 4141
7 7608 7608 7607 7609 7607 7610 7609
7 6573 6569 6568 6570 6574 6575 6572
10 9950 9952 9951 9950 9952 9951 9953 9949 9953 9950
9 6506 6507 6504 6506 6504 6505 6503 6503 6505
7 9384 9387 9385 9385 9384 9386 9388
9 6087 6092 6091 6092 6091 6088 6090 6092 6091
9 781 779 780 778 779 779 780 778 780
10 412 412 413 413 414 414 415 415 416 416
10 3440 3440 3440 3440 3440 3441 3441 3441 3441 3441
8 6134 6133 6136 6136 6131 6135 6137 6130
10 7868 7869 7868 7869 7871 7867 7872 7870 7865 7866
10 1542 1545 1540 1542 1543 1543 1541 1541 1542 1544
9 9200 9201 9201 9200 9202 9202 9201 9203 9202
9 1331 1330 1330 1333 1331 1332 1332 1333 1334
10 4770 4772 4772 4774 4771 4770 4774 4773 4773 4771
9 868 866 868 866 866 867 867 865 864
10 110 110 101 105 102 108 106 100 101 104
9 734 733 729 729 732 732 730 730 731
1 7412
10 1021 1014 1011 1018 1017 1015 1020 1014 1012 1015
7 7268 7267 7265 7269 7266 7268 7267
9 9462 9462 9461 9463 9461 9463 9463 9461 9462
10 7924 7919 7920 7922 7923 7927 7925 7924 7926 7925