1000
846930986 2
814637015 1
424238435 6
749760592 2
289641521 7
450490127 6
202520159 6
167514026 6
640383526 7
403455836 8
521595468 8
826956529 7
861021630 8
233665223 8
468703235 2
1979902 6
635723158 1
225898267 6
289018556 2
756478142 5
753377473 7
114545019 1
756898637 6
173594424 6
238664470 3
184803626 3
524269080 2
749241973 8
42999270 6
135497381 5
284421025 7
27336427 6
259126605 3
732621829 8
533925957 5
84353995 1
201100645 1
648233467 3
685990464 3
760313850 7
356426908 8
89947278 7
709393684 6
118502751 7
574612499 8
364095160 7
43993468 8
184210112 2
849698686 8
156297639 4
463480670 1
175960478 3
92066701 8
27613002 6
603570592 7
660260856 8
485560380 8
593209541 8
894429789 7
147346719 2
270744829 5
733108217 1
207905871 7
822890775 4
791699027 1
498777956 4
524872453 6
672277065 7
803964783 5
700028724 6
240332971 2
220048929 3
515530119 4
673363468 1
277486815 8
731518249 5
289700823 7
168002345 6
439493551 3
860243655 5
722597588 3
338888328 8
438792450 2
269441600 2
116087864 8
155325014 7
182275956 6
387346591 7
841148465 8
860282036 1
286452651 5
71899328 8
213975507 6
726276221 4
330794495 8
84661337 8
450573893 4
705894528 6
187231111 4
884639629 7
697322504 3
312255863 8
167854638 8
882436940 6
165344918 8
532670788 4
492068017 7
680467096 3
496987843 3
459512283 7
498295599 8
286206825 2
272755690 2
243268239 3
372469886 3
68338182 4
20388564 7
6939607 8
385228904 1
502278711 3
137127928 8
654887443 6
392035668 5
87755522 5
594613910 8
469321901 7
396473830 5
446811405 8
705178836 4
434248726 8
570503565 7
552473516 6
188213358 7
84167737 6
201305724 7
776532136 1
373911999 8
620145650 7
619290171 3
407487231 7
7685030 1
711845994 8
37370263 8
173388081 8
601253096 3
572713873 4
762739768 2
167681195 8
437116566 3
276911440 3
143327784 8
76855642 1
337379207 7
588219856 7
157418518 5
23089512 6
625032272 5
569262109 4
298625310 6
157467687 4
655319401 4
476667472 2
260401355 5
774044699 8
201230004 1
435939911 2
856915767 3
719346328 3
514829250 3
555996758 4
155789324 1
489867369 5
619054181 8
195740184 7
206812072 8
570073950 8
735905485 5
337739399 3
443606142 8
446340813 3
15256290 3
846942690 4
700108681 8
471499436 1
726371255 4
292218104 6
11614869 8
762981876 7
246247355 7
648348242 2
64445984 8
620223305 5
117679667 6
201690713 3
822262854 5
511154359 7
282828302 5
114723606 8
776902121 3
50390968 4
366235289 7
237950008 5
777210598 7
108518908 4
364686348 2
229033433 7
380321748 2
881999854 4
212251846 2
364319629 8
484238146 6
624549897 4
86087090 3
850003133 2
78012597 7
771294992 6
895519225 1
474614096 8
415209288 8
548703829 7
645032560 5
861544021 8
32026404 1
828388127 8
332266848 6
31309002 8
820697797 8
683571143 8
495132102 8
174806503 4
839000781 3
669908638 8
12895251 8
12282234 6
480171792 8
860516227 4
643755729 4
555591064 5
70636529 3
572576435 3
429203000 7
319408071 8
12260389 8
561718088 6
41585895 4
733053244 3
87658490 7
672655440 4
400000669 7
181174332 6
550956142 8
410409217 4
616266861 1
275526409 4
202495525 7
189806467 8
204504334 6
286631726 7
817226157 2
376673268 3
337390458 1
696947486 6
365204446 5
730635094 7
807056652 5
397893629 1
358532390 1
57757070 3
526819180 7
414218693 3
486418727 8
318561986 3
70788455 7
212720190 6
206059579 1
151859069 6
104152374 1
826047741 3
70925533 6
887077988 1
873524666 8
641027384 8
845790517 3
59372360 7
337100337 2
159473159 7
382648618 8
471990883 8
183228558 8
93967737 8
26620583 1
237770578 5
747149414 4
252645829 1
125533559 1
101089538 6
277211488 3
83631333 4
745933781 2
553160458 1
269110799 8
864101939 8
290668463 6
410228894 8
773319947 2
168217562 7
402539490 7
235745891 8
427355215 3
372796257 6
380631591 8
304463051 8
521035121 1
738393840 8
183614130 1
755035425 8
204187616 5
62033102 2
807746239 4
273785504 8
628974680 3
786039121 4
705539962 4
586235479 8
262692785 7
438300004 6
185433583 1
606199859 8
435889844 4
378470011 7
488664050 6
29777660 3
257675205 1
492740149 7
216588811 3
151520034 6
166077475 8
629593714 3
159343868 5
409545018 4
27376982 1
717877082 3
343124130 8
224311674 7
521186693 8
703550353 7
488803174 8
107734813 3
825138477 8
564415875 1
672033019 3
639806832 3
406011117 1
114760335 8
337745791 2
292424043 2
124666428 8
230449391 4
186894118 3
551836936 8
362575155 3
122963958 5
188715004 1
350372761 6
483689785 4
460613173 5
35756951 7
746349350 3
222336603 7
659639106 7
485414739 1
577721220 2
714880326 2
730387777 2
567964081 1
14887660 2
390128055 3
534433618 1
21066442 1
550245296 6
204627421 8
412995084 6
863794527 5
682152140 1
772970172 4
51245930 8
146370447 3
620982130 7
189653814 2
168057622 5
138627024 7
93189535 4
525829304 1
412630543 8
264945586 6
356684378 3
726250362 2
14989783 1
681539948 8
181208424 5
791449222 2
217927435 4
513937557 1
204102847 7
595311876 8
213725318 1
207621803 6
15210033 2
587054059 3
32862906 4
695748820 8
279121408 4
811742798 7
517076476 1
91252815 7
452825271 7
235771659 7
225554110 3
262178324 8
205816639 5
454333478 7
343945153 6
31489214 6
495406089 4
92028167 1
775575323 6
570332331 2
62292222 6
101323975 8
380390279 4
235202354 8
380311231 4
603967957 7
873199281 8
340554703 5
476152533 6
803590281 8
209359515 1
831768925 5
206138822 2
885550651 2
464090132 1
441443281 4
342990515 8
63299808 8
387860099 7
309112397 7
769475876 7
679069077 5
531742687 5
226723482 7
219544366 7
580508960 8
617909311 7
233669186 8
188591030 3
210794683 4
632651576 7
484095920 5
500037625 7
451538939 4
845897590 6
61101460 8
426247743 3
763081028 6
164826721 7
370918055 7
772634325 5
813274670 6
216220953 4
67107822 7
223712450 1
710009197 7
787689226 4
584522171 8
146533249 1
28140628 8
549228498 1
112836710 4
481928677 6
338499076 7
270754652 8
131126187 5
413360199 4
286448666 4
396377117 2
134392835 8
836491398 7
576453295 6
96055905 4
764423528 8
49552628 3
335019693 6
534322297 8
879289772 2
628806545 7
415522425 6
332238383 8
695466227 5
243565521 7
475179434 6
87987434 5
12548259 7
411523057 8
53691861 8
502493072 3
750167816 5
15711950 7
108375582 6
838076317 8
318801273 7
610486606 4
771476464 7
33488363 8
788323272 2
301373637 6
222028928 3
278107380 1
66355956 7
823578441 8
849725452 1
243195611 8
283149617 6
190113183 6
113974212 5
131706606 6
104767 7
472131589 1
437434254 8
91039975 3
87706241 4
894292638 3
434290736 6
544312056 3
267062860 8
825726914 6
198994414 8
221713986 4
80346139 6
178701635 2
192532721 1
279611890 2
10150209 3
616734773 8
562395835 8
78374395 5
752704413 8
612353298 6
550099455 7
440157893 6
29588256 5
338983033 2
187323386 2
568275458 4
625040240 8
667022281 4
14934090 8
110210150 2
103410054 3
472668464 7
187235724 8
68424019 2
276225944 6
879451338 7
242475076 8
48520119 5
90526443 1
153162056 4
253232575 8
403068111 4
773447012 8
448361829 3
421756968 1
813465102 8
590549307 8
496005316 2
589692477 6
122757572 2
550239057 5
97276225 2
379366897 8
717293518 4
390848253 1
52775574 6
896925493 1
827386048 2
278450130 8
311269659 7
239352260 5
530406524 8
263384380 8
12719002 8
895873580 2
124027683 3
95234240 5
91342823 8
572132657 6
597010531 8
84124320 7
359577790 8
205629491 6
503938370 7
315227767 4
836802771 7
692458843 7
689513999 7
246137188 5
213952486 7
695258332 3
93155810 8
211800130 8
17609763 8
298167379 8
499429749 6
16922451 3
115857564 8
798487430 4
359147615 5
187520015 6
625843981 1
415675734 4
240854487 4
422623387 8
556339743 8
792786842 7
660890344 5
486510239 3
193552163 4
45636453 8
819485369 1
304505504 3
837626899 4
307654919 3
621740535 8
245240953 8
332702550 5
67974902 3
75245662 5
128363710 8
360996060 8
33597011 8
330769929 5
105418916 2
57300921 1
317303705 6
418646679 6
217161628 7
129834547 8
305564145 4
325023887 3
751675651 4
311721486 8
883799526 5
62764894 6
671068606 6
338346192 2
750679764 5
877288920 5
845954266 4
312186454 4
216408537 3
190099584 3
187106412 4
263419117 6
724025265 6
695991708 6
551201845 2
147867522 6
147196395 6
299680659 5
839425776 3
275446671 3
59659025 2
298720272 8
144874189 8
473903666 1
94255912 7
99885296 7
636453433 3
79065286 8
604263470 7
688695668 6
535286241 8
442982739 2
4744363 8
253263690 2
133206302 8
286791731 3
86478357 7
750994671 2
848934783 3
245151325 2
641417640 8
877069072 2
708340734 5
490865825 7
831191052 2
320585572 7
73673439 1
801475983 3
258747761 1
22587642 6
888482439 2
237335444 8
547407430 2
858829394 8
618260857 6
192048960 2
201533392 2
42581976 3
225252090 8
627510735 5
118041698 1
827952841 8
464180670 7
270132640 7
189200901 8
419914900 7
254615709 8
457676540 6
50612863 8
50881404 1
273002706 8
333584623 5
64564449 8
689442630 4
214646804 5
651292086 5
117565725 8
176919691 1
266222507 8
609707231 8
44805019 6
838139153 8
439388527 6
753959919 4
464837681 6
116423868 5
700287739 1
864892538 1
131207494 3
707184780 2
723804586 2
331058852 6
342754198 7
728149110 8
260063279 2
716916166 5
219994525 2
256805078 1
703387066 5
454416848 7
568122372 5
658581186 1
673365259 7
233262000 8
582841297 4
802943103 3
703956051 5
553048598 8
599529254 6
408203006 6
471570103 4
816976884 1
185206897 1
103463733 8
284546660 2
461851114 1
228720997 3
873595197 6
148938429 8
111691413 6
104852734 2
443458014 2
453668875 6
608035086 6
682736726 3
665306716 4
546389669 2
598387509 4
408581615 2
25222933 1
12247876 5
850829713 4
360022400 8
100603886 4
888830863 1
893256608 5
226929516 4
2492082 6
738253640 2
138828926 6
31797665 1
80329599 3
691451646 8
62299953 8
133084403 8
198193942 8
574596634 7
243849910 5
278480969 2
196095915 8
556748796 3
13511482 2
831099551 7
421825461 4
831563137 4
495375961 7
117306081 8
194064188 3
6938720 3
313823393 4
343886728 7
490387808 8
313557042 7
53102096 3
731207566 8
716898600 7
91066587 2
129183432 4
51446050 8
896551733 2
211662980 5
151402393 5
167632954 5
95275544 6
601830423 6
867110851 4
21115973 3
616716565 8
496768781 3
784259783 3
224049077 8
20965114 5
636600869 4
542314207 6
353673491 4
876088511 2
683309687 1
199337936 7
125473539 8
330546720 1
356228471 8
78053518 3
60188634 1
17049864 7
117104797 8
189966167 8
707500435 8
308785590 6
566112232 1
437180629 7
142481790 5
237638247 8
745792449 2
81766522 8
36622068 6
3602355 4
362486866 7
422711036 4
81458360 2
284665320 8
198619304 8
192233083 7
338078821 8
102737097 2
309667227 2
576492828 1
258219270 3
582972898 8
556139663 6
627793760 5
729568716 2
638128323 5
18084392 8
267247135 5
805632663 7
850621962 8
679059995 8
662887760 5
501422476 6
326362273 2
610574987 8
15754773 2
122018581 1
625322029 4
15983144 6
575952380 4
289544309 2
242639847 5
679952466 5
612203859 7
366831842 8
894869501 8
10713271 1
468063058 7
728414522 5
628257855 8
654829190 7
612816171 3
547772703 6
760038420 8
343770042 3
614340112 8
55103907 8
245975458 3
119382994 8
278190258 3
173521190 5
284622726 2
583333073 4
553918965 5
852143521 5
155769509 8
578705500 8
688852886 5
759239933 7
95266456 5
289914510 5
141356731 1
666586228 3
37623546 5
898027558 2
24700110 6
588873265 7
213331967 7
367041026 3
888986338 4
701943805 3
231189662 7
218373932 8
259643561 6
221449907 4
138172597 8
717032638 2
161415239 1
319377570 2
574620492 4
167368642 1
346502633 6
213675843 4
333480650 3
79601585 2
204933820 2
672255240 5
814710747 3
108682083 6
825791794 6
734296730 8
699045163 4
343493420 3
339980638 8
364531592 8
285308522 6
266437785 8
40658194 2
844161808 3
365862902 5
349121884 6
110341187 8
659436257 1
317038702 2
404438648 8
55799086 1
859310940 7
95097151 1
20337056 5
270707754 4
102194972 8
16768582 8
145376188 1
501262437 7
431565320 2
318333794 7
190438114 6
554580382 4
106242969 3
23025115 5
419481984 7
54449399 2
138700854 5
334113336 2
237140392 7
543906258 8
118386123 2
707967821 4
270617669 3
5816360 2
481388002 1
235386247 7
405341189 1
274216539 5
66618117 1
122265475 1
233614611 2
517409078 8
878777477 8
531353076 2
413892261 2
555252933 2
