55 32
6 4
886164 845184
28 48
3233768 4888576
474729 652864
192578 935744
165731 634432
5675903 8674432
18224596 76762368
14769379 74364928
1091794 5875456
17557554 102912
58275123 96162304
31 84
388548 626752
1 2
108263 414464
22 68
31998 7552
1347414 797696
1 4
129763 292736
252918 780608
117 712
270 432
37 88
38232502 65117696
576267 835712
51746 14176
4182780 5337216
158580 724864
300 16
50836773 83603456
16579 31936
2 4
9 6
287 464
126 808
4653019 2797312
18566764 7472128
2542710 1702272
207752 897408
2082906 250624
60451823 78777344
1364729 1871488
15144449 44604928
82 48
28922812 49189632
1947 944
6 2
424 272
20035355 19141376
372648 178752
2463976 8888448
20784831 27187968
60949628 33497088
17948670 60747776
1597260 5453056
75 44
25054 83456
1 6
1395135 6135424
1346 2784
2 4
4275 5968
890642 354496
4580511 6271616
69096 72704
281418 4608
82 24
694 456
1535 6144
3 8
26015486 5968384
10557 42656
1550642 1666304
768880 572416
282 624
27138 85984
302 528
40493362 73321728
10 12
23 88
78619602 7479808
9770073 4008192
877602 315968
2033096 484224
29558639 11375616
1 8
97148 46624
12446669 1001728
439924 720064
2277 576
12430507 6403584
40643102 71604736
5689 4896
252370 377728
1703 5024
2404506 5731456
113 8
60801278 20859904
44492738 75305472
833502 325888
44419261 63619072
5022 6528
5282795 145536
454 168
836 104
1811365 4072704
50736548 21721344
97 16
75 12
426 944
735 632
2138 4352
1075188 6455808
36651329 88024064
9 8
782 24
18630337 88969728
669353 527104
13713 40928
12767 57152
28055170 84128512
3326682 6133376
10586 46912
10203222 96854016
4389 2368
63656002 98418432
2495777 9311616
668212 112768
1100559 5551872
159634 588736
8352656 9364608
1 8
13697791 25657344
1070303 1533312
154 424
1202341 2429824
1 2
15353676 59681792
64242412 77755904
93451445 31186176
380 168
2540 1696
56 28
12669258 93891584
464 232
191 888
78526824 83185408
1 2
8304192 5048064
2512566 6707968
30898 51072
249008 162048
67449 82848
7996 6256
297457 456512
6820 9264
1382 3376
53 48
29208 13984
12096720 4505344
8 8
16 24
210 464
498 728
392 312
2233 9872
1 8
46234 73856
13218112 47442176
2752687 2017408
68610245 35566848
24866727 71949312
45459 42816
327 344
50320555 59767552
502 96
408 112
9938 4112
80300009 15762176
7 8
2767 9984
190119 883008
46097536 26873856
3333851 7613568
8070247 953984
15 52
96172522 63761408
32645 38016
221676 230464
144 96
11837 36992
1487185 943744
16737 54752
20687418 88492032
653 576
3780 4928
1440910 9133056
37623 128
4414791 5660672
1269 2128
28 28
1101201 3911296
70 28
8398 6992
95 32
10892893 52531456
489422 320832
3053 8336
106 112
13 96
2726565 5950336
625720 840448
1 6
91183101 77895168
73325447 25686528
9197078 9923456
27472 23488
40265113 11288576
9 8
95032796 4772864
324858 339328
27244170 27498752
93609284 22062336
81711404 25135104
16486478 19850752
3460 7504
146 176
12341659 23785472
11261233 63450624
352155 838592
14544409 82984448
6047 6864
1019 7456
19312 55808
521 456
278 184
8471059 994688
84555254 43623424
35194818 42509056
196784 230528
3093 9584
364 208
3660843 8730112
7682 5888
2257509 1881856
118947 27648
54484605 71767552
3257 7536
1 6
2544 4256
5148676 3657216
43348651 85022464
299402 710592
8588344 6178432
15 36
854 928
6 2
244102 125632
31247 56832
7546446 6193792
14161 13248
1 6
3 2
170 712
1479354 921088
113 896
95204890 81636864
918 632
1001566 7657984
373517 714112
7 4
381571 665856
2 2
389 776
389426 47296
3 8
13101789 38015232
21134073 90513408
231 536
9382754 527488
48 36
1151493 8655744
32835104 39363072
14517728 97096704
52387482 77775872
14475518 57588736
4 4
57987 98272
3595 6192
3 6
2 4
766979 193472
536 528
3230 5296
36 76
9 2
22650120 77369344
44604404 87762944
716994 643904
76037846 70209792
98 64
4554445 1293952
4248652 3850112
17559065 31956224
164 384
212436 399936
77139046 36884224
41816000 42362624
8 6
14206281 54437888
2 2
25874514 85321216
72125 60768
13 52
3332 4944
60388036 89515008
780 88
7679 4576
2515 1952
25142701 92972544
4250882 2770816
100603 875008
2 4
42193545 88863744
3533 6208
2946096 8801024
356134 701312
362 488
3 6
4129613 8086656
342 24
753349 334592
18971643 91190784
494 192
39092 56928
4917 1072
2 2
380 352
11616554 80902912
8924222 5739392
42942240 14352896
2581977 4218496
11187427 37019392
975 96
71197386 28923136
1 4
312 144
364 648
3 6
70212919 75261184
50 24
12 4
95335363 75849728
7455 6224
169 72
14134311 31770368
108 984
27703 23872
3 8
265202 838976
3803 816
14788 9696
3187551 8218624
196 312
2167725 4981504
8278324 2652032
2 4
11 88
13 32
11 36
3 6
83 88
253 984
2 2
4 2
586105 831168
22663744 60152576
110849 249408
26082 88864
2 8
1676 4848
60906927 67238912
530 664
3983637 7062912
31 92
83354 89152
1357064 5748608
1037 9184
6 8
18581732 15631104
201252 357632
289 272
10 52
1 4
19509223 92067328
61654 608
36 52
3251 5184
1 6
7020793 3009664
14124286 80013568
1 2
143155 149504
73 96
342 744
1411 8032
92638184 8748288
8688 2128
4583296 4524672
1 8
1594946 4208384
1160489 8711424
1532602 9295744
284 512
27282229 30532608
44128 90944
4086123 6246272
412294 186496
449626 352192
3330 1056
2 4
658795 746304
67 24
104118 921152
28436578 96950784
5457 4544
20125569 1076992
8276 9824
1499213 2151936
29661390 51538176
29269 85504
439899 367296
31916659 74898176
3 4
38472 81216
24 52
21 24
1 8
4616 8176
87540028 57936384
42339024 77424128
4160747 2201344
1688740 3438336
2064372 5933568
10088 59136
28902 39264
3179455 8740352
1753886 1599232
25743775 64895488
8128934 2273024
55892819 30949632
438 912
1616 8704
7569389 1629568
24975 56288
6089020 1513216
3533 2944
353868 762112
86662841 39295488
843 104
177450 497728
6410741 7080576
1539261 9001984
15979 25216
120975 243712
1749 4496
1160510 273152
3 2
1560510 5246336
9689 8432
19980248 38887424
1 6
66648704 36745728
1 2
1049 4512
176452 435136
1200913 6429568
26093524 36853248
15959 79264
4088 5344
2414 5232
32 36
17230193 60061184
4091358 7356672
392019 35584
2315 4016
10429301 89897728
123 728
269220 632896
28057468 40782336
89 48
1636074 9884416
312612 641216
49302407 67496704
99363 36864
2688408 9928576
452483 542592
37538 2592
1125461 2079744
57984015 44807936
24154112 99774976
964 848
12494 16768
8696463 5709312
476992 372352
59096986 76993536
3371566 9005696
1137 2032
2049998 8727808
29353090 33659904
70 48
217930 292736
855 728
1 8
7013411 1715968
16678170 24491776
6 8
26533788 66625024
475048 241536
225489 328704
17503 38048
539594 252032
5111233 9774464
7 6
19225022 88084992
951 784
1114 9776
434 472
118565 234368
360 968
19354431 55967488
109653 216192
19166661 19816192
8773 5632
374763 570944
12 84
7 6
54 12
117 256
55079048 66365696
29543441 49981184
30618 39584
75966044 73508096
219146 284672
1788044 697984
209038 744896
18808 59968
44 96
59 32
2273 3872
27288757 45509888
1138 8176
55836155 73242112
47 12
640 992
2330186 9287808
76354103 61764608
69 44
265197 734208
1458117 8009472
59686143 29709568
81499 86144
2 4
5656 3968
44998578 89654784
2544 5024
23315740 57762048
137 456
8 8
67116611 59210752
10581496 27992064
66 68
311431 163136
11 48
43836 67936
19 16
11427152 94958336
2052 1072
4 6
324604 587392
9 6
13 28
13350729 80422912
6281580 815744
30827 79488
20837103 54308608
29398852 45017088
65445557 34698752
39 88
375 704
35746 29888
20445409 42946304
901367 983936
18082193 99661824
2419944 6988288
18345685 23866112
304149 300224
1083886 2467712
1076 4464
1677673 311424
1602305 5103104
6732778 137344
21644 38528
4283985 8725632
232 648
60165102 50816512
82129779 72422912
37888179 65435904
32098197 96428544
749727 582656
112 624
48700052 375808
1948 8912
48433 80384
100306 816384
3 6
1266 8592
7520 1264
11352122 54347264
13242208 26159104
2035594 6311552
12236 26208
684 944
3073 1904
88650152 15594496
5 6
176 8
2971 3344
428 144
17953178 1789184
52142352 34314496
76359 21312
142 752
10105 45952
58034005 1824512
11898283 29503488
59514492 34881024
98087 59456
33 68
5 6
435797 582016
460341 60544
4307180 3225728
65980403 27857664
8777 416
984 264
4573 6624
18963556 26405632
15086 94432
293521 729792
179218 892032
25 48
63230 71808
30382 96288
5307 7232
3916 8992
450 736
442 408
1236 4048
222479 161536
120929 823616
347037 96128
51 16
160499 697152
704001 619584
15077 55744
256 568
751 424
54 16
76537326 19022848
15327199 28397056
1 2
3017411 9874048
8331927 1031168
750 296
25160625 88741632
2837737 8819712
447520 540928
32076634 71179776
50 44
18719246 699904
15 12
16309662 42314752
173 824
1354279 1175936
17 24
555 704
10 16
12217182 87461888
43 48
60759 58592
7418507 1065216
30 48
1117030 6446848
5 4
243 704
1 6
296680 247552
28 44
23834116 53694208
95 12
28241619 2369792
632250 375936
19 88
65 48
561 568
23712246 4602112
34286 17184
3 2
68419660 1515776
5975495 7363712
1402393 661888
12782663 39973376
1679620 2706688
29869056 42432256
355366 533888
42501247 79739904
3 8
12659167 66444032
20617 58304
31731261 33254656
4153 2912
15009 99008
33383 37632
24319397 52329216
3 4
67117258 85400064
63562063 1229824
236736 462144
19605272 57226496
119284 548864
7020 8144
623526 602176
15072 56928
5 4
4 2
111 792
90 88
12 32
302728 789248
2733514 4892672
13335268 57632512
28 44
10999 95232
40 16
1 2
13398 43232
3034240 8339328
75638 90848
1 2
4966101 6159744
35281056 39314688
6421 2336
326 504
47767 82624
57132191 96220672
269786 484992
668611 660032
5758 1504
3 8
1 6
62422234 31959296
33 88
3 2
271 336
115865 406336
21629186 2419456
186236 428096
57 92
53 92
148971 486784
100253 797632
232 432
3401 8768
24 56
8682 256
30 84
1 6
57298 93568
3266 6096
16214595 4306688
1162 3632
3 4
34043 8128
8250 2768
135713 52352
55 88
490665 962432
4 6
344 344
49682411 94040832
19073317 27754496
90573996 52533504
15843726 14743552
8720235 5646592
11192 48512
38 56
13840265 96592384
221 168
11 52
8567156 1322624
2481 976
1676 2736
1232652 4110976
56722926 36466176
235 528
355 288
2152 4896
8663845 9113728
25994367 90864128
4927660 8695552
267 168
13225748 53503232
1407615 2882688
97 64
4718 5648
80797693 79341312
99 96
44729 45088
25543 64896
13023 68992
197775 862208
211403 130304
2604 4624
911 696
38621165 38991616
489 176
595 704
23812171 40859136
75073 40192
3417 3856
120419 448064
1449 224
23 24
6 4
5113484 5050368
39818452 62546944
2 8
60184776 91239424
765 72
8 2
1530951 1639808
17065200 63982336
13405503 57790464
37956382 86525184
329435 522112
2 8
3558087 3891456
21128 46112
14553789 54385664
24 56
28979362 89777152
467967 772928
4064 3984
2507264 5199232
1079 8368
28 88
55495251 22668288
83343736 81099008
6933200 9544704
52321944 14296576
36 36
50 64
1 8
267 712
45303166 12636672
109755 851904
35452 99488
12 68
10109 66304
13941700 65992448
38835 13184
5605593 8971904
17041867 92541952
11204773 76323584
16499 19488
298588 981568
21 96
24440797 63851264
88 96
4 6
2384 5456
293756 430208
1422 7088
60 56
61558 89664
38963 31232
5238567 5823744
32036144 42711552
50679114 21829376
4 4
1045152 4415872
12537 37152
11627387 49673984
8420120 8394112
995 424
128205 605504
94630061 13356288
894 552
89235924 51810048
38392679 78616064
567 872
73306603 31521792
721 872
59194 34112
47 32
1364 3696
21434 55616
13511 8576
20788372 72320256
71563582 42194688
96531 13632
2740825 2951296
34322 55968
24389 40512
6 4
105 728
38744 8832
38 72
507189 152512
1283968 5103616
6309117 3742464
145 432
1487 9472
188 16
4450279 2925952
31772876 75195648
550783 606976
1749 6064
94354154 65550336
40 72
2 4
16 12
8206 448
1 2
643454 783296
6176 3104
210 312
30 16
44 88
48001 9888
216 664
471207 704704
734752 337792
14026379 99654912
1218 1904
270 288
48078129 68425472
18118163 85768448
691077 417152
91672855 15970816
45 92
126 128
31742 86752
842734 273408
55352665 33579264
1 6
61 52
14215312 62723328
2 2
1742535 3845888
4 4
37885 23968
5149 4992
47534691 70798848
73404235 40932352
8 8
8621774 4820736
12 88
2120746 3777792
214114 600192
4872 8352
157 856
92807 80384
3338937 4241408
11 44
15037 96992
61 68
7490051 472448
15357560 49999872
61 4
6093 6576
265 856
33 88
7 2
4099593 9505664
1 6
17584 66944
1 6
1 4
10 24
16062550 44918272
61643081 76763136
72 68
17 76
51 96
