50 6
47 32
32 21
21 38
38 39
1 22
22 16
16 43
43 40
12 14
14 9
9 18
18 50
36 25
25 5
5 3
3 4
30 15
15 29
29 20
20 11
23 2
2 45
45 24
24 17
28 13
13 49
49 19
19 26
46 41
41 7
7 35
35 48
10 33
33 27
27 44
44 34
42 6
6 31
31 8
8 37
38 16
43 14
18 3
4 15
20 17
17 28
49 41
35 27
34 6
50 50
12 37 5
1 34 10
36 37 6
47 48 1
47 26 5
1 48 9
12 34 8
1 26 2
36 34 8
23 37 3
30 37 8
12 48 3
36 48 3
47 11 7
47 17 2
12 26 1
36 26 7
30 34 2
23 34 6
28 37 10
1 11 5
1 17 10
30 48 1
23 48 10
47 4 2
46 37 8
30 26 8
47 50 2
23 26 2
12 11 6
12 17 10
28 34 8
1 4 8
10 37 7
36 11 8
36 17 4
1 50 7
47 40 6
28 48 7
46 34 4
12 4 10
47 39 5
30 11 9
30 17 2
12 50 3
23 17 10
1 40 4
28 26 10
46 48 1
10 34 9
42 37
36 4
47 37
1 37
47 34
12 37
1 34
36 37
47 48
47 26
1 48
12 34
1 26
36 34
23 37
30 37
12 48
36 48
47 11
47 17
12 26
36 26
30 34
23 34
28 37
1 11
1 17
30 48
23 48
47 4
46 37
30 26
47 50
23 26
12 11
12 17
28 34
1 4
10 37
36 11
36 17
1 50
47 40
28 48
46 34
12 4
47 39
30 11
30 17
12 50
