87
10
1731348
76
8122344
1127593
1128322
800163
14350335
94986964
89134307
6967250
17660466
154437427
115
1015300
3
522727
90
39550
2145110
5
422499
1033526
829
702
125
103350198
1411979
65922
9519996
883444
316
134440229
48515
6
15
751
934
7450331
26038892
4244982
1105160
2333530
139229167
3236217
59749377
130
78112444
2891
8
696
39176731
551400
11352424
47972799
94446716
78696446
7050316
119
108510
7
7530559
4130
6
10243
1245138
10852127
141800
286026
106
1150
7679
11
31983870
53213
3216946
1341296
906
113122
830
113815090
22
111
86099410
13778265
1193570
2517320
40934255
9
143772
13448397
1159988
2853
18834091
112247838
10585
630098
6727
8135962
121
81661182
119798210
1159390
108038333
11550
5428331
622
940
5884069
72457892
113
87
1370
1367
6490
7530996
124675393
17
806
107600065
1196457
54641
69919
112183682
9460058
57498
107057238
6757
162074434
11807393
780980
6652431
748370
17717264
9
39355135
2603615
578
3632165
3
75035468
141998316
124637621
548
4236
84
106560842
696
1079
161712232
3
13352256
9220534
81970
411056
150297
14252
753969
16084
4758
101
43192
16602064
16
40
674
1226
704
12105
9
120090
60660288
4770095
104177093
96816039
88275
671
110088107
598
520
14050
96062185
15
12751
1073127
72971392
10947419
9024231
67
159933930
70661
452140
240
48829
2430929
71489
109179450
1229
8708
10573966
37751
10075463
3397
56
5012497
98
15390
127
63424349
810254
11389
218
109
8676901
1466168
7
169078269
99011975
19120534
50960
51553689
17
99805660
664186
54742922
115671620
106846508
36337230
10964
322
36127131
74711857
1190747
97528857
12911
8475
75120
977
462
9465747
128178678
77703874
427312
12677
572
12390955
13570
4139365
146595
126252157
10793
7
6800
8805892
128371115
1009994
14766776
51
1782
8
369734
88079
13740238
27409
7
5
882
2400442
1009
176841754
1550
8659550
1087629
11
1047427
4
1165
436722
11
51117021
111647481
767
9910242
84
9807237
72198176
111614432
130163354
72064254
8
156259
9787
9
6
960451
1064
8526
112
11
100019464
132367348
1360898
146247638
162
5848397
8098764
49515289
548
612372
114023270
84178624
14
68644169
4
111195730
132893
65
8276
149903044
868
12255
4467
118115245
7021698
975611
6
131057289
9741
11747120
1057446
850
9
12216269
366
1087941
110162427
686
96020
5989
4
732
92519466
14663614
57295136
6800473
48206819
1071
100120522
5
456
1012
9
145474103
74
16
171185091
13679
241
45904679
1092
51575
11
1104178
4619
24484
11406175
508
7149229
10930356
6
99
45
47
9
171
1237
4
6
1417273
82816320
360257
114946
10
6524
128145839
1194
11046549
123
172506
7105672
10221
14
34212836
558884
561
62
5
111576551
62262
88
8435
7
10030457
94137854
3
292659
169
1086
9443
101386472
10816
9107968
9
5803330
9871913
10828346
796
57814837
135072
10332395
598790
801818
4386
6
1405099
91
1025270
125387362
10001
21202561
18100
3651149
81199566
114773
807195
106814835
7
119688
76
45
9
12792
145476412
119763152
6362091
5127076
7997940
69224
68166
11919807
3353118
90639263
10401958
86842451
1350
10320
9198957
81263
7602236
6477
1115980
125958329
947
675178
13491317
10541245
41195
364687
6245
1433662
5
6806846
18121
58867672
7
103394432
3
5561
611588
7630481
62946772
95223
9432
7646
68
77291377
11448030
427603
6331
100327029
851
902116
68839804
137
11520490
953828
116799111
136227
12616984
995075
40130
3205205
102791951
123929088
1812
29262
14405775
849344
136090522
12377262
3169
10777806
63012994
118
510666
1583
9
8729379
41169946
14
93158812
716584
554193
55551
791626
14885697
13
107310014
1735
10890
906
352933
1328
75321919
325845
38982853
14405
945707
96
13
66
373
121444744
79524625
70202
149474140
503818
2486028
953934
78776
140
91
6145
72798645
9314
129078267
59
1632
11617994
138118711
113
999405
9467589
89395711
167643
6
9624
134653362
7568
81077788
593
16
126327363
38573560
134
474567
59
111772
35
106385488
3124
10
911996
15
41
93773641
7097324
110315
75145711
74415940
100144309
127
1079
65634
63391713
1885303
117744017
9408232
42211797
604373
3551598
5540
1989097
6705409
6870122
60172
13009617
880
110981614
154552691
103324083
128526741
1332383
736
49075860
10860
128817
916690
9
9858
8784
65699386
39401312
8347146
38444
1628
4977
104244648
11
184
6315
572
19742362
86456848
97671
894
56057
59858517
41401771
94395516
157543
101
11
1017813
520885
7532908
93838067
9193
1248
11197
45369188
109518
1023313
1071250
73
135038
126670
12539
12908
1186
850
5284
384015
944545
443165
67
857651
1323585
70821
824
1175
70
95560174
43724255
3
12891459
9363095
1046
113902257
11657449
988448
103256410
94
19419150
27
58624414
997
2530215
41
1259
26
99679070
91
119351
8483723
78
7563878
9
947
7
544232
72
77528324
107
30611411
1008186
107
113
1129
28314358
51470
5
69935436
13339207
2064281
52756039
4386308
72301312
889254
122241151
11
79103199
78921
64985917
7065
114017
71015
76648613
7
152517322
64791887
698880
76831768
668148
15164
1225702
72000
9
6
903
178
44
1091976
7626186
70967780
72
106231
56
3
56630
11373568
166486
3
11125845
74595744
8757
830
130391
153352863
754778
1328643
7262
11
7
94381530
121
5
607
522201
24048642
614332
149
145
635755
897885
664
12169
80
8938
114
7
150866
9362
20521283
4794
7
42171
11018
188065
143
1453097
10
688
143723243
46827813
143107500
30587278
14366827
59704
94
110432649
389
63
9889780
3457
4412
5343628
93189102
763
643
7048
17777573
116858495
13623212
435
66728980
4290303
161
10366
160139005
195
89817
90439
82015
1059983
341707
7228
1607
77612781
665
1299
64671307
115265
7273
568483
1673
47
10
10163852
102365396
10
151424200
837
10
3170759
81047536
71195967
124481566
851547
10
7449543
67240
68939453
80
118756514
1240895
8048
7706496
9447
116
78163539
164442744
16477904
66618520
72
114
9
979
57939838
961659
134940
80
76413
79934148
52019
14577497
109583819
87528357
35987
1280156
117
88292061
184
10
7840
723964
8510
116
151222
70195
11062311
74747696
72508490
8
5461024
49689
61301371
16814232
1419
733709
107986349
1446
141045972
117008743
1439
104828395
1593
93306
79
5060
77050
22087
93108628
113758270
110163
5692121
90290
64901
10
833
47576
110
659701
6387584
10051581
577
10959
204
7376231
106968524
1157759
7813
159904490
112
6
28
8654
3
1426750
9280
522
46
132
57889
880
1175911
1072544
113681291
3122
558
116503601
103886611
1108229
107643671
137
254
118494
1116142
88931929
7
113
76938640
4
5588423
8
61853
10141
118333539
114336587
16
13442510
100
5898538
814306
13224
1013
173191
7580345
55
112029
129
7962499
65357432
65
12669
1121
121
9
13605257
7
84528
7
5
34
60980822
138406217
140
93
147
