10000
35 152
29 258
45 566
38 164
51 122
14 69
42 89
15 92
42 184
24 197
13 9
19 70
34 414
14 56
19 2
31 178
24 115
21 178
45 647
13 77
31 124
23 57
36 158
50 500
17 27
15 62
43 492
8 10
14 33
48 794
7 7
36 538
38 422
48 778
15 78
26 146
34 82
16 88
36 15
45 681
39 622
28 99
40 745
5 2
6 5
34 493
28 127
41 253
28 91
46 570
47 740
36 29
19 166
49 567
19 1
4 3
3 3
38 467
17 122
46 330
42 697
33 422
49 1020
33 36
11 53
19 98
49 34
38 594
8 16
21 195
30 172
34 549
5 10
22 193
10 21
42 640
48 996
20 66
48 964
23 104
31 449
16 69
43 270
45 131
36 185
26 265
39 81
45 82
29 2
11 7
34 384
39 665
27 192
26 172
10 26
31 428
37 386
20 179
45 52
30 265
28 245
45 674
15 24
8 17
6 14
30 139
21 118
19 28
26 19
22 30
42 504
24 6
46 196
7 3
6 2
21 153
44 665
49 1108
7 14
50 437
24 145
51 169
48 297
42 581
13 41
7 2
13 43
30 411
22 186
46 922
24 30
10 2
34 3
26 288
14 66
2 1
4 6
31 161
20 82
25 132
33 419
35 390
12 16
51 357
51 422
11 4
15 94
42 773
28 291
36 151
42 747
28 115
38 688
47 93
31 49
39 444
50 423
11 40
38 653
44 408
8 26
15 28
23 247
21 140
23 158
41 732
42 396
7 7
29 351
36 239
22 53
24 270
48 914
32 133
44 683
24 267
27 37
24 32
42 45
50 939
50 1116
26 66
11 52
21 47
34 137
46 245
31 465
25 177
2 1
12 23
31 80
45 986
23 224
6 14
13 15
28 124
46 998
4 3
36 152
44 483
30 215
24 253
10 19
38 349
5 9
5 4
35 54
42 109
19 49
20 40
2 1
40 678
51 1166
5 4
15 18
5 3
38 183
4 5
27 255
9 10
38 151
16 82
12 45
30 128
2 1
8 3
46 658
51 644
41 403
30 364
2 1
49 139
11 17
37 231
41 173
17 64
6 15
51 1240
37 470
45 836
29 313
40 432
51 1165
19 89
44 28
45 715
31 191
34 72
43 466
28 111
13 43
12 64
25 162
33 310
42 568
48 832
29 223
42 566
26 158
16 9
7 6
14 45
2 1
28 73
18 57
30 125
48 875
49 371
3 1
33 194
9 20
14 7
16 116
14 28
14 71
12 8
41 795
7 21
22 94
39 113
40 227
22 182
8 22
8 1
51 63
7 5
19 91
47 240
25 159
25 138
41 784
9 19
9 23
23 247
2 1
20 149
27 58
26 209
9 2
45 829
22 41
19 23
21 74
24 59
25 248
33 311
34 54
44 700
9 16
23 216
26 192
49 224
33 398
39 579
6 6
50 301
33 365
18 62
33 364
48 269
40 521
20 92
22 4
14 3
29 130
38 211
28 202
9 8
9 17
51 187
29 321
38 590
20 146
15 100
46 472
7 21
43 91
7 7
41 509
45 729
7 20
24 35
19 12
45 255
28 338
38 508
45 385
16 34
31 3
14 5
40 520
12 27
46 183
48 900
39 115
5 4
25 129
27 287
12 55
19 1
15 81
42 288
32 425
23 110
35 501
41 194
6 2
7 11
20 44
37 639
47 716
51 771
19 21
15 73
48 574
17 65
38 634
22 211
13 31
34 128
31 292
22 225
24 144
36 281
35 218
50 406
15 93
2 1
25 15
11 18
49 189
34 43
34 539
6 4
50 962
42 392
11 33
14 73
43 365
25 225
24 235
6 1
23 89
17 68
23 247
21 149
3 2
5 4
9 16
30 87
49 73
36 439
36 299
43 283
50 941
4 6
41 220
8 19
18 26
11 15
2 1
11 24
33 491
40 30
28 332
49 1016
39 18
34 450
33 148
2 1
42 302
2 1
15 43
46 732
33 124
22 219
34 318
39 240
48 802
6 8
44 148
49 593
36 562
8 24
9 9
47 921
14 40
35 382
6 3
11 23
34 282
23 228
15 86
34 250
37 125
37 611
42 547
16 77
18 140
44 846
30 365
27 325
38 116
20 144
39 536
34 334
12 2
40 546
17 11
39 18
10 33
35 86
9 34
29 1
21 92
3 1
12 19
41 579
40 371
45 538
42 415
51 653
33 168
29 132
9 23
4 2
43 584
20 169
36 316
28 336
18 77
6 14
10 39
30 178
7 14
26 271
2 1
49 644
14 84
34 21
45 35
41 495
23 119
37 226
6 12
14 63
43 467
4 5
14 34
51 43
6 9
17 51
3 1
42 818
43 327
39 687
11 44
23 195
39 639
42 129
22 169
17 48
21 128
13 18
3 3
2 1
40 268
16 10
34 57
6 1
31 107
14 39
21 137
22 165
46 91
51 1115
17 83
28 255
35 265
21 56
4 2
45 961
41 150
33 50
16 16
50 21
29 208
35 24
51 1056
7 17
20 47
12 22
25 287
23 168
29 299
47 258
13 33
25 251
2 1
27 29
44 859
11 55
41 625
21 69
3 1
35 200
35 94
6 2
33 460
18 69
19 62
44 496
4 3
33 219
26 83
20 167
35 398
39 299
25 258
14 28
35 153
48 475
43 858
28 249
32 162
37 163
7 6
31 420
50 486
14 3
21 31
43 583
12 41
28 258
41 141
10 14
40 218
45 832
12 3
7 1
15 77
40 671
23 169
31 297
32 88
47 690
26 214
6 7
21 103
21 131
25 31
35 69
39 736
46 750
51 552
41 465
44 145
38 282
51 191
38 241
13 63
35 173
24 100
25 144
21 53
6 10
26 15
11 24
20 104
14 58
7 8
35 80
36 530
17 124
39 235
21 81
39 650
39 718
41 791
7 15
6 2
9 30
5 7
44 102
24 242
45 330
13 13
30 433
2 1
34 107
51 1027
41 7
5 7
50 545
38 173
9 21
19 96
23 253
32 375
46 340
25 138
35 580
19 129
33 346
11 51
8 5
21 46
47 551
23 201
21 120
3 3
4 6
42 380
45 453
43 382
29 67
30 13
2 1
26 309
15 82
51 71
46 584
17 70
44 166
39 382
50 816
41 463
15 92
30 48
6 12
48 756
40 466
47 183
23 198
28 153
10 11
8 9
47 267
48 276
13 30
5 2
27 189
18 18
26 45
48 211
19 92
15 28
21 81
2 1
34 336
31 291
5 6
47 120
9 10
39 312
28 277
36 372
35 96
44 852
48 593
41 684
37 471
25 207
16 4
3 3
3 3
41 205
17 99
4 6
31 52
49 704
36 62
13 4
33 302
30 373
46 615
45 902
25 69
39 403
45 629
40 595
22 126
50 837
20 133
15 34
47 383
7 17
44 569
50 351
24 227
5 7
49 941
49 201
18 75
14 13
29 97
5 8
34 15
37 612
9 11
51 1205
13 11
36 154
27 66
30 118
15 54
17 33
33 439
37 316
2 1
10 30
51 39
31 250
18 105
37 466
17 67
32 67
44 149
31 155
4 6
18 56
47 942
30 367
49 814
28 359
14 11
31 4
2 1
49 513
27 279
46 686
22 113
20 116
46 45
36 87
10 9
14 60
38 284
34 139
9 31
36 620
48 912
36 327
26 8
17 52
18 78
45 568
39 319
4 6
12 65
31 356
43 92
26 229
37 155
14 43
22 131
15 22
13 33
17 88
36 573
42 628
45 704
41 341
46 649
15 55
34 254
27 306
40 472
3 2
13 28
20 22
15 44
51 878
37 469
16 50
48 1036
24 92
42 392
25 188
9 5
45 660
33 141
16 92
23 200
48 1095
35 90
19 100
2 1
26 286
35 176
9 1
51 880
25 291
44 306
31 240
37 505
42 339
45 456
41 7
27 80
5 1
4 3
9 5
39 391
42 472
28 288
7 15
30 69
21 21
29 241
22 110
23 31
35 442
19 153
34 542
13 10
5 4
10 3
20 106
50 811
20 47
11 24
5 8
6 9
9 10
25 130
48 53
44 243
14 36
7 15
6 12
36 630
33 47
25 2
40 112
15 4
51 998
36 336
13 59
32 136
25 204
2 1
2 1
4 1
6 3
11 34
27 271
19 6
38 439
12 45
16 14
39 618
50 197
22 56
15 61
34 326
6 14
10 7
29 273
20 72
21 199
43 855
26 59
7 15
3 1
41 648
42 215
34 436
51 106
2 1
9 29
50 737
19 155
21 58
21 139
30 140
20 31
37 255
32 287
6 14
9 12
2 1
23 160
40 541
42 261
36 588
27 144
13 1
44 275
43 256
22 200
6 4
44 799
32 423
36 246
10 10
32 29
46 653
47 944
24 152
27 20
37 193
44 95
48 595
32 265
51 352
14 4
41 195
50 473
30 328
9 25
28 84
49 413
41 675
7 16
34 409
25 270
38 495
19 75
5 10
26 180
2 1
12 49
44 621
16 24
43 137
13 2
12 29
42 220
7 1
18 26
33 120
10 18
8 24
3 3
26 204
17 50
18 42
21 12
36 84
38 448
8 28
49 477
12 66
22 48
38 200
10 43
29 371
38 277
45 338
48 560
19 66
48 471
42 512
47 424
2 1
4 3
32 292
27 122
42 256
13 61
36 240
47 599
37 350
3 1
22 198
2 1
13 77
26 2
16 30
30 197
4 5
27 165
35 58
29 294
51 266
3 1
12 61
51 1098
31 178
30 45
51 954
41 514
28 318
18 71
36 465
11 27
28 249
23 75
40 601
36 460
42 278
27 30
33 183
2 1
30 169
16 60
10 19
46 590
21 82
29 12
9 33
44 67
24 222
47 404
17 113
51 458
19 168
10 2
4 3
15 8
40 488
16 117
35 94
32 251
21 38
11 43
47 583
15 43
20 81
31 371
44 508
45 783
9 6
15 93
15 49
48 904
8 11
51 817
21 32
47 761
41 675
21 57
10 43
6 7
47 288
16 28
16 58
3 3
12 1
40 304
45 535
28 134
47 425
46 462
8 18
8 8
47 486
36 154
12 47
34 262
25 49
47 505
7 15
18 52
15 5
42 445
42 639
13 28
45 326
3 1
46 931
3 2
40 636
49 857
27 79
8 13
31 177
44 801
51 661
3 2
16 44
24 32
13 70
44 789
42 826
11 47
10 26
30 127
49 332
46 15
8 15
27 50
5 10
23 15
32 349
21 197
19 10
5 1
31 67
38 466
46 831
10 3
10 27
50 56
15 50
32 470
49 464
10 6
30 50
9 27
5 10
9 13
27 261
4 1
10 31
28 227
38 67
8 27
25 205
3 1
3 2
12 23
44 328
2 1
2 1
33 421
39 370
30 203
3 2
20 30
25 246
16 102
34 475
9 34
31 77
46 501
46 508
30 328
28 35
12 33
38 415
36 276
34 317
41 334
50 584
46 434
7 17
37 400
35 145
48 965
7 6
44 787
2 1
41 89
2 1
8 26
44 318
16 45
10 5
11 34
16 115
33 8
18 141
12 20
15 87
15 79
51 256
22 164
29 244
31 329
14 1
19 63
31 269
31 380
39 219
49 982
47 164
26 212
51 335
13 43
45 687
36 43
34 535
48 954
20 56
43 253
15 46
38 518
46 773
37 498
10 38
39 212
17 110
19 159
50 256
32 434
8 25
37 373
25 132
4 5
11 16
27 152
8 8
23 38
32 107
37 322
41 295
46 257
40 442
22 177
43 872
31 234
20 107
40 223
2 1
36 530
40 662
37 15
26 307
50 982
15 86
49 31
14 13
12 11
9 21
42 27
38 213
51 680
41 30
48 244
36 73
2 1
45 37
20 160
44 911
28 214
5 6
15 81
21 16
21 68
11 15
32 452
34 268
2 1
22 209
15 37
31 425
30 380
2 1
46 35
20 53
6 13
49 524
41 200
45 480
50 1055
22 157
2 1
11 41
31 97
50 768
40 478
8 13
6 9
21 59
5 8
22 224
13 36
28 84
42 1
16 9
28 221
18 70
43 130
30 328
11 7
17 64
6 14
19 27
34 284
10 28
28 265
46 495
3 3
44 331
46 427
32 11
45 680
50 787
30 222
11 43
4 1
40 139
51 84
20 122
48 453
22 180
10 35
16 23
41 617
6 1
17 15
9 21
37 252
48 989
35 41
5 8
35 3
50 959
2 1
18 61
51 988
23 230
5 8
23 117
45 436
29 73
14 14
22 27
45 388
13 75
26 243
18 152
11 17
45 60
38 378
9 20
48 191
47 800
19 34
48 70
44 391
25 7
12 7
5 7
15 83
36 360
36 503
51 419
20 53
6 11
6 9
44 385
46 363
6 12
8 2
28 243
29 347
6 15
48 354
47 967
28 163
4 1
34 505
9 24
48 1054
12 29
29 67
5 2
42 503
36 139
12 34
50 738
15 25
29 348
15 100
26 318
6 12
6 10
30 360
44 578
29 279
29 75
6 1
27 340
42 847
46 736
25 43
42 800
48 12
51 713
45 306
6 4
3 2
39 618
26 55
11 13
35 492
8 26
19 92
38 466
48 967
11 55
27 318
9 22
22 168
37 365
35 260
16 67
4 4
20 187
34 231
32 88
18 138
6 4
23 22
46 153
27 245
40 661
9 12
25 78
9 36
45 563
2 1
30 283
12 38
33 337
28 350
13 23
50 169
29 376
12 50
42 368
31 81
39 522
31 64
15 47
26 210
30 325
18 39
31 93
10 41
23 27
25 236
31 315
5 9
47 985
34 262
5 2
20 173
49 253
7 14
38 432
23 178
10 14
28 128
19 21
51 641
22 157
29 120
48 243
12 11
50 1093
34 192
5 3
49 677
6 1
16 32
38 661
12 45
30 34
35 341
24 39
39 504
9 10
48 1024
49 791
51 1148
2 1
4 2
40 551
7 3
7 12
37 626
13 24
40 600
35 389
38 638
10 17
4 2
43 426
22 134
10 8
40 539
9 35
13 48
42 735
42 341
43 413
43 115
25 130
46 579
4 6
18 24
11 6
29 133
24 173
42 445
26 131
40 372
23 31
31 204
21 70
13 25
48 415
19 122
35 283
30 393
47 1051
2 1
18 141
8 7
31 102
20 56
31 239
39 472
9 27
17 7
39 69
42 756
34 461
7 16
24 106
9 22
33 164
25 300
38 553
41 779
29 178
25 57
17 13
10 20
32 233
6 5
8 19
7 12
8 25
10 44
49 614
49 723
24 73
31 437
5 9
33 12
29 53
43 504
21 23
22 122
30 412
25 285
24 175
27 186
46 295
11 22
51 335
25 75
33 75
37 594
24 167
22 163
26 262
47 301
17 32
49 660
45 363
32 410
6 13
48 467
43 702
41 714
19 124
19 12
18 10
39 56
24 172
43 859
25 239
44 507
7 3
34 50
15 45
19 6
23 174
17 82
26 82
10 2
22 223
43 480
31 37
30 12
42 8
49 618
11 17
4 1
34 142
18 44
2 1
16 114
3 2
40 758
39 83
20 28
25 263
47 331
45 466
9 36
48 46
51 231
50 1004
25 82
41 160
28 38
29 72
16 91
24 276
10 21
3 2
21 158
42 664
33 26
44 622
21 50
48 779
48 31
25 171
27 266
13 31
7 20
47 429
21 40
28 218
31 281
7 19
9 5
18 127
33 423
31 48
51 601
26 197
24 64
18 54
13 70
3 2
18 25
42 690
20 37
18 17
48 734
50 431
21 157
48 104
29 236
7 18
5 1
24 126
31 194
24 164
20 67
13 13
28 146
25 95
22 187
48 791
14 56
26 158
15 6
37 243
49 521
20 171
24 124
27 8
35 186
49 222
30 14
39 601
14 20
3 3
3 2
4 1
45 687
2 1
50 313
2 1
31 325
50 405
14 80
10 28
30 351
51 509
15 27
16 78
3 3
11 35
16 13
22 185
42 578
20 152
9 28
41 690
42 704
45 395
19 136
3 3
10 18
7 16
43 503
3 1
41 623
48 727
28 108
18 75
41 465
12 56
7 2
42 239
44 846
5 3
40 88
13 71
13 24
23 100
43 169
48 659
39 348
38 516
14 83
36 84
41 37
6 2
49 1087
48 197
31 365
8 18
10 18
17 91
38 485
26 253
13 76
10 11
18 43
18 135
51 601
37 297
49 245
36 447
38 493
42 408
34 457
37 65
16 12
16 33
42 339
32 202
16 111
6 1
38 187
14 25
24 6
27 335
41 721
22 89
44 751
44 713
11 15
21 16
32 20
29 285
26 135
26 14
51 731
22 86
4 5
27 278
34 57
50 1122
15 61
49 338
34 210
36 52
23 60
18 74
40 197
28 80
7 18
5 8
34 324
47 87
10 6
14 40
25 63
16 99
34 70
50 516
9 23
10 19
39 314
35 201
25 160
42 515
13 37
37 322
24 69
33 67
7 13
27 216
10 15
21 4
6 3
12 20
3 3
43 833
49 348
15 96
38 351
3 1
4 3
47 1047
25 130
8 5
27 198
10 16
24 224
32 26
48 103
42 602
15 48
39 560
9 24
35 74
9 33
45 730
28 290
37 6
20 112
29 102
25 239
32 438
19 63
26 317
7 4
17 77
51 629
31 302
8 15
3 1
2 1
28 215
40 412
28 321
4 2
5 8
45 26
27 321
50 302
29 375
20 83
26 168
49 826
25 4
19 158
20 100
28 377
48 781
7 20
24 1
31 23
39 676
16 5
38 493
18 136
23 88
11 26
4 2
3 3
12 41
8 8
42 236
27 270
48 248
14 60
45 552
51 1033
18 126
49 849
33 440
23 114
51 1182
3 2
42 45
33 415
27 208
35 101
22 142
7 11
48 710
43 880
12 3
25 30
10 16
35 522
37 334
49 730
42 92
40 341
5 2
36 589
11 46
47 342
35 141
3 2
21 93
22 176
39 49
11 33
18 150
41 664
5 9
42 226
39 9
27 51
4 1
23 126
34 157
46 151
21 107
46 275
42 91
23 84
11 51
27 283
28 159
33 17
6 7
27 327
6 4
37 500
17 9
24 152
27 216
16 66
15 79
38 608
26 33
33 258
41 729
13 28
26 318
51 54
17 68
24 189
32 110
33 514
18 7
44 638
22 134
40 166
18 124
41 313
35 548
29 213
34 482
44 795
34 15
38 376
20 20
24 225
20 26
47 571
10 30
30 425
49 921
16 96
45 566
9 13
31 256
3 3
27 59
21 201
38 56
14 75
19 88
9 24
43 12
24 90
44 573
32 97
20 168
7 5
6 6
42 193
2 1
49 72
40 258
39 198
25 102
35 311
39 451
29 303
48 210
32 473
5 1
32 111
11 7
37 423
5 8
2 1
22 112
34 308
16 33
37 482
25 169
31 347
13 64
41 558
12 18
48 563
34 243
40 2
18 145
9 10
5 8
26 1
7 19
36 290
33 214
11 20
41 271
17 60
3 3
10 28
30 72
30 261
37 251
6 12
47 181
23 27
21 196
28 159
6 8
47 233
33 147
42 9
51 58
25 1
18 75
16 76
42 432
9 20
14 10
31 156
29 245
12 41
49 47
26 180
2 1
41 12
30 267
6 10
43 878
31 8
13 21
6 8
40 635
31 69
31 9
15 2
12 10
6 11
16 59
16 35
2 1
50 631
39 624
11 24
35 244
39 397
36 365
51 899
10 39
30 293
41 372
48 798
20 101
11 33
31 224
51 1205
31 363
11 37
5 1
48 265
10 29
35 256
29 107
22 147
15 54
29 165
43 703
5 10
27 132
44 37
40 294
37 206
44 749
39 86
18 69
33 394
21 76
24 69
51 493
40 633
42 648
16 92
42 475
44 516
35 372
24 32
31 188
47 304
6 3
20 143
20 73
51 340
21 132
41 219
17 84
35 426
46 795
40 775
21 14
4 3
21 155
30 175
35 264
24 56
9 34
14 85
47 226
18 103
39 617
36 293
35 333
12 1
19 20
18 53
35 294
43 471
46 622
6 9
48 803
19 91
23 207
35 119
45 620
36 123
7 7
36 102
40 255
23 42
49 914
46 401
10 8
37 553
12 32
34 205
22 25
15 102
33 503
14 39
48 333
10 19
19 90
46 632
43 96
15 89
11 40
21 50
50 1007
25 159
50 1032
18 142
10 8
13 64
30 299
20 157
22 97
32 242
25 77
47 914
48 234
5 6
22 74
26 170
35 38
29 364
7 12
51 1214
30 386
9 7
38 401
37 277
5 6
49 634
43 271
46 48
6 10
46 65
28 229
47 685
20 96
44 108
23 72
41 592
5 7
11 42
25 195
51 179
13 76
11 24
42 125
44 131
7 16
24 194
9 27
46 703
45 447
5 7
31 428
19 157
42 338
26 191
25 276
47 1010
24 134
41 215
12 1
12 40
25 136
2 1
5 5
12 63
34 300
14 12
9 4
46 900
11 41
18 34
47 339
23 172
18 41
38 145
48 274
46 477
36 316
8 10
43 899
37 603
33 262
39 685
32 62
43 654
5 8
28 138
20 188
25 288
13 30
16 71
10 36
33 301
9 24
35 25
7 12
27 340
19 71
30 190
48 1030
43 903
30 320
6 13
20 78
36 180
41 281
41 810
12 6
46 764
14 36
21 141
48 785
10 1
12 56
19 147
12 63
12 52
31 420
40 258
44 77
30 157
26 144
32 287
45 517
8 12
6 8
29 3
27 72
21 197
29 301
46 928
46 470
28 342
21 117
24 184
42 51
48 823
23 106
7 4
7 17
23 215
43 562
15 47
39 583
6 5
23 197
3 3
7 1
43 259
48 826
41 238
18 57
5 10
18 6
7 20
24 246
38 236
30 347
35 251
35 429
31 37
41 763
24 39
14 59
23 234
34 476
48 388
2 1
42 523
14 51
45 717
27 333
5 4
32 119
20 46
28 278
24 254
33 143
12 39
15 47
7 6
45 134
48 428
6 5
15 9
37 563
8 27
39 544
17 76
48 284
35 83
36 338
40 236
5 1
11 7
35 400
13 27
21 21
26 75
51 40
46 985
50 927
48 96
12 36
7 15
48 207
33 239
49 146
49 819
25 60
20 177
27 161
36 196
43 222
21 181
2 1
28 193
18 21
37 104
39 248
39 85
34 217
17 14
43 616
33 161
24 30
22 67
33 164
46 563
19 115
17 30
33 42
19 140
20 106
28 110
49 21
43 770
36 417
13 77
23 162
44 922
46 901
47 663
24 98
4 2
7 2
11 42
12 65
37 259
37 619
38 444
32 34
19 13
37 629
44 712
27 234
6 3
4 4
51 602
43 557
19 15
22 184
38 438
9 4
15 58
39 171
31 113
32 43
34 345
29 271
29 71
15 102
28 154
37 559
45 779
33 156
28 263
41 253
39 583
37 301
43 811
6 11
44 253
19 118
4 5
5 10
2 1
15 70
38 219
9 34
28 87
42 308
44 869
20 182
30 96
36 130
32 105
44 114
28 58
51 1157
9 27
12 4
23 232
40 298
25 46
40 142
38 357
7 3
15 69
14 49
31 74
15 80
42 616
34 192
18 88
49 1126
38 223
36 80
37 540
20 82
22 98
14 58
40 229
41 482
45 734
46 220
3 1
36 174
16 99
11 23
4 4
9 10
21 63
4 5
17 66
19 132
32 305
48 935
4 2
23 33
42 495
22 150
29 39
38 279
28 370
28 200
8 22
24 234
29 271
38 460
49 26
34 297
39 691
49 614
17 27
39 413
40 510
50 493
17 21
14 91
33 421
24 125
28 229
19 162
23 7
2 1
11 45
50 1224
16 66
40 562
18 95
40 307
38 83
27 83
26 213
48 818
30 200
49 279
19 116
13 11
24 204
11 34
49 404
34 151
6 8
46 861
3 1
30 43
24 274
44 741
43 405
6 12
11 7
29 98
22 128
19 27
4 5
30 205
37 89
17 85
36 600
16 106
48 100
26 44
50 192
17 70
9 34
14 15
26 242
47 1013
32 92
42 227
45 779
35 247
33 239
25 168
12 38
5 7
34 59
26 257
48 220
26 254
16 88
25 290
30 87
38 210
38 664
44 734
48 87
16 40
28 286
49 1065
31 278
46 142
33 496
46 193
14 7
34 133
10 12
20 139
29 201
51 491
34 451
48 445
25 212
12 47
2 1
40 610
13 78
45 95
6 5
26 269
12 45
49 921
16 6
11 44
21 159
12 44
5 10
36 608
24 15
31 135
7 9
6 9
6 10
14 63
42 4
31 22
47 88
21 2
44 277
9 8
42 26
19 57
30 92
25 1
49 659
27 215
25 32
24 95
32 29
40 601
25 218
23 126
48 608
35 486
27 90
5 7
12 1
14 19
25 286
41 461
41 357
26 138
49 1125
42 790
37 8
51 461
2 1
32 465
20 176
38 14
8 13
13 45
16 104
10 19
10 40
10 20
17 92
16 73
35 240
43 780
39 152
30 344
18 119
36 407
28 80
33 107
17 102
4 4
18 39
19 120
14 36
28 294
15 61
42 301
49 584
19 130
26 21
26 318
10 35
32 333
36 183
20 160
9 13
32 262
36 571
4 5
32 220
26 221
25 267
45 833
49 613
9 17
10 32
20 7
44 772
4 1
15 68
29 199
46 641
47 217
12 45
29 293
33 262
39 38
21 161
29 27
45 217
46 49
21 94
23 131
16 14
44 214
47 828
3 2
32 91
23 170
50 549
36 120
3 1
38 190
5 6
43 729
5 6
51 1175
2 1
40 605
47 678
45 563
5 7
35 111
47 778
29 380
7 11
27 222
36 364
33 416
30 205
38 430
12 48
9 35
12 55
29 352
31 68
4 3
21 168
21 95
46 919
9 29
13 73
13 68
47 660
36 26
21 21
10 35
10 39
43 76
16 119
29 354
43 221
31 8
19 58
28 56
50 484
17 36
20 157
6 6
25 41
45 753
13 4
25 220
23 77
41 688
37 433
34 408
50 439
42 125
15 19
32 180
5 7
24 32
26 4
41 778
21 23
41 113
39 178
3 3
33 99
48 555
14 7
50 113
46 31
31 6
10 13
27 110
12 43
37 509
30 7
34 392
12 40
33 344
42 119
8 14
30 354
43 795
38 544
5 3
33 480
46 127
49 495
6 8
22 111
45 119
21 206
50 580
3 3
29 24
18 108
18 148
42 597
37 347
2 1
11 14
28 374
28 206
25 33
34 91
26 76
46 69
5 5
27 254
27 342
51 367
41 526
38 342
26 322
10 10
14 72
11 39
25 136
15 44
19 29
46 654
25 191
39 623
36 175
36 190
20 126
3 1
4 6
41 657
12 61
4 2
21 102
13 63
50 951
45 786
24 142
11 23
31 249
27 236
14 91
26 183
48 928
41 809
18 136
28 254
33 121
2 1
45 664
47 543
42 248
11 41
31 19
14 14
20 161
27 144
3 1
14 12
33 350
50 373
38 462
26 43
9 25
22 45
44 298
46 303
7 2
51 787
25 13
50 967
4 4
25 106
30 353
5 10
43 419
9 18
33 224
49 989
12 28
45 383
36 601
38 599
45 867
29 136
2 1
12 9
4 5
11 11
23 21
42 274
23 23
46 490
34 102
46 528
12 53
48 425
32 490
37 664
25 15
44 8
43 356
29 92
41 419
25 161
5 6
29 41
16 32
32 340
14 17
43 28
19 39
20 168
27 85
24 131
21 68
25 161
24 35
7 6
42 216
27 2
48 965
24 137
25 154
9 34
32 322
13 78
43 649
48 187
36 301
18 53
41 620
17 90
43 612
28 158
3 2
31 208
8 5
9 1
9 16
21 120
20 142
38 108
12 37
29 242
6 14
2 1
34 483
9 4
40 777
8 12
42 811
40 777
42 354
30 278
17 39
40 694
33 31
46 499
12 44
42 422
16 74
12 43
13 21
23 195
10 40
45 969
17 76
48 394
31 388
8 27
29 331
33 177
22 1
5 1
50 520
51 1140
41 472
14 20
33 502
5 10
17 113
41 113
32 401
44 184
15 94
10 33
45 782
4 6
19 40
50 143
3 2
36 131
10 27
44 437
36 327
35 142
46 969
37 55
11 23
38 420
28 171
18 89
41 419
38 462
25 237
28 90
35 86
19 27
10 3
38 516
10 40
47 93
44 676
31 354
10 28
29 121
17 76
9 11
15 72
15 5
34 407
18 88
3 2
14 47
51 1101
6 3
21 90
14 82
32 268
21 2
12 20
29 42
46 588
31 206
37 239
51 1070
35 448
39 334
6 2
48 233
3 3
15 74
3 1
39 380
20 157
27 346
7 1
5 3
43 565
14 44
29 30
50 189
32 154
49 675
41 136
42 270
47 126
15 43
35 173
33 123
11 24
34 392
14 76
20 45
25 131
34 299
45 873
17 78
20 56
16 98
12 57
51 207
14 24
7 17
19 33
2 1
48 875
47 867
22 85
18 120
50 727
48 392
35 107
23 56
30 26
12 42
43 520
49 379
29 177
2 1
44 37
25 91
36 621
2 1
37 392
2 1
20 47
31 142
12 3
7 5
37 458
31 232
31 217
34 315
30 55
5 3
38 665
14 63
50 214
28 292
32 263
23 88
27 139
3 2
2 1
29 180
28 126
17 38
35 74
18 103
34 103
38 333
51 750
44 168
14 63
36 225
50 881
46 1001
9 10
14 63
6 8
48 427
51 338
39 382
12 12
50 345
26 163
17 66
40 348
24 85
29 276
48 179
16 83
3 1
39 1
35 129
10 6
25 60
44 842
45 225
18 122
50 817
33 113
18 67
25 92
25 104
2 1
33 93
15 85
42 289
2 1
48 417
6 7
21 69
36 36
4 4
11 48
46 1018
20 171
15 55
5 7
49 1020
9 11
22 225
14 51
24 106
38 536
27 292
44 688
42 494
14 53
31 24
49 722
19 140
40 71
13 62
20 31
47 543
42 296
49 1172
31 50
22 219
42 786
10 13
48 226
12 65
47 401
35 75
19 91
14 14
34 177
49 493
38 402
29 247
13 37
33 35
46 104
10 12
3 3
20 110
22 23
12 64
22 119
12 31
48 219
47 883
51 818
33 184
40 451
18 16
37 516
44 902
5 3
19 50
23 136
7 4
17 44
9 35
13 16
30 5
43 18
41 233
20 53
32 257
37 339
10 26
47 376
3 2
6 1
6 12
9 7
19 71
29 11
14 44
47 525
3 1
18 108
33 285
17 90
44 691
9 27
24 17
6 6
5 10
47 34
39 312
23 196
29 178
35 467
45 939
34 524
19 122
40 749
36 176
13 57
10 16
33 165
26 88
8 14
48 348
41 676
10 23
42 816
17 6
28 290
5 1
6 3
12 3
22 87
49 1140
29 66
5 9
40 509
47 793
11 35
51 149
31 238
15 92
46 719
48 530
41 253
35 324
26 297
39 116
46 848
32 288
46 640
31 388
16 38
30 139
25 181
26 230
41 568
28 153
19 149
9 8
28 363
4 6
42 368
2 1
29 123
8 16
18 79
8 1
19 168
8 11
20 81
46 834
21 63
46 474
49 928
47 1078
49 433
30 294
44 67
25 170
15 17
44 314
21 131
12 31
41 507
30 153
50 699
17 58
49 710
7 6
16 54
24 195
7 10
2 1
37 302
20 39
8 7
29 403
15 85
18 145
9 6
13 38
22 87
26 18
42 60
16 16
39 641
19 72
44 306
43 281
48 724
27 165
25 156
34 197
46 925
42 399
46 838
11 15
33 393
35 92
22 163
30 413
39 255
3 3
20 75
9 5
5 6
21 47
42 803
17 65
4 2
42 251
13 41
14 27
40 117
20 21
47 720
21 154
48 61
17 1
18 76
31 100
11 54
49 424
3 2
40 605
24 217
4 4
34 114
32 377
15 29
34 397
48 942
47 568
25 11
9 24
37 619
12 33
38 665
48 276
26 212
45 739
18 147
36 310
15 97
23 9
16 87
40 591
9 31
7 10
46 513
24 54
2 1
28 329
47 154
29 82
12 48
22 30
25 207
27 130
24 74
18 80
7 11
2 1
44 756
49 966
21 103
22 89
9 19
11 10
22 116
27 295
16 38
11 33
7 9
27 83
35 69
19 32
51 546
7 21
27 70
35 63
28 22
20 44
4 1
41 455
21 118
9 28
16 47
24 23
4 6
3 1
44 808
30 102
43 862
37 387
40 689
17 97
24 137
2 1
18 57
2 1
10 13
24 42
27 304
49 1109
45 751
18 72
23 58
30 213
34 471
33 199
36 259
40 119
36 101
36 403
34 274
41 533
46 637
19 113
9 5
50 828
19 92
41 721
16 29
5 7
36 307
22 66
38 299
29 194
3 3
27 165
50 41
28 344
28 138
15 95
16 54
40 272
31 264
23 206
48 981
46 626
16 25
2 1
27 295
28 66
45 94
14 31
20 101
38 521
38 558
35 51
16 42
35 261
51 707
45 536
37 306
29 66
3 1
6 5
13 75
10 35
38 525
2 1
13 23
5 10
42 417
3 3
10 42
6 5
46 78
9 28
36 387
35 443
18 64
20 169
24 53
36 229
49 379
16 81
25 171
13 36
8 21
23 151
4 2
28 159
28 234
30 238
23 202
2 1
4 1
22 50
49 593
36 477
43 770
8 11
23 202
33 318
35 5
48 660
34 3
35 459
11 52
23 52
26 74
24 250
45 343
5 3
49 441
40 181
43 151
8 5
17 86
43 297
45 870
37 616
17 56
38 171
34 113
11 48
36 122
38 606
28 96
24 4
29 177
17 53
9 6
34 7
14 79
25 208
19 106
37 4
31 144
13 57
34 215
23 105
6 15
47 637
50 68
7 14
30 363
50 463
47 302
11 20
11 50
18 8
47 509
11 35
26 322
40 457
45 952
26 75
22 80
31 237
43 759
51 497
10 8
10 16
32 321
16 10
4 2
18 40
34 323
26 110
2 1
19 48
30 73
47 71
18 45
23 156
15 63
31 90
22 111
31 218
9 17
44 681
29 373
11 2
39 187
22 89
4 5
36 101
34 503
32 193
8 3
9 9
28 183
48 581
26 228
3 1
25 196
45 371
7 11
16 63
44 151
34 158
28 201
26 311
2 1
12 1
13 23
32 64
8 17
40 211
6 2
16 48
40 740
32 228
18 33
37 622
34 142
5 2
40 681
23 247
41 265
49 705
6 13
43 714
6 12
43 250
26 308
41 93
18 96
7 16
17 42
46 276
15 15
13 16
33 121
44 903
20 52
24 5
20 107
35 320
49 21
38 42
35 582
36 362
47 702
38 539
39 378
15 36
36 95
7 7
10 40
40 748
42 255
3 2
30 160
37 115
12 53
2 1
50 887
49 744
32 118
10 8
22 116
21 27
49 252
25 109
26 164
39 733
28 91
28 377
25 114
36 206
37 475
33 284
27 7
33 44
19 15
25 138
17 3
47 169
21 60
24 15
34 99
15 81
50 490
19 18
4 4
10 16
42 119
27 287
21 87
24 106
50 248
28 230
46 88
29 2
45 623
13 70
13 33
40 332
15 103
36 59
14 7
12 61
36 466
23 242
46 522
45 155
45 32
11 55
47 1071
5 9
42 676
18 98
43 441
17 93
15 61
26 201
47 639
32 366
24 268
37 247
49 547
14 52
6 2
34 429
13 58
40 223
6 2
10 16
14 86
3 2
27 277
4 5
16 63
2 1
38 661
6 11
20 177
32 99
41 126
25 202
6 9
7 15
21 124
7 11
40 480
10 30
41 24
36 284
47 366
42 103
26 222
23 67
15 87
20 185
20 34
7 19
9 35
35 149
29 110
14 91
2 1
32 260
35 352
46 212
7 9
18 125
33 528
27 248
43 201
2 1
40 179
34 335
24 67
26 151
9 31
20 120
10 21
2 1
18 124
29 374
33 452
4 1
33 446
14 61
26 163
33 194
24 173
10 6
36 605
49 18
24 208
4 4
17 99
29 130
50 5
9 4
49 630
47 108
43 889
6 3
24 203
32 339
6 2
45 531
29 325
35 316
7 9
35 103
43 15
10 27
18 128
27 321
32 449
48 10
34 75
43 842
42 239
4 5
16 37
38 470
38 298
46 385
8 6
20 180
41 649
45 96
47 180
22 122
44 475
3 1
23 217
32 202
20 174
10 20
33 475
30 423
18 85
15 80
5 5
28 79
14 56
51 336
43 193
40 444
44 360
10 19
36 389
29 39
25 38
40 125
35 163
26 152
43 841
28 284
25 155
41 297
27 161
48 1061
15 12
51 783
29 362
25 12
50 426
17 120
41 587
30 18
25 155
28 31
45 703
13 50
8 28
5 2
46 657
49 246
41 419
18 10
8 18
32 209
43 122
31 213
5 8
9 35
13 62
47 265
39 626
26 144
13 56
28 70
32 52
18 34
25 234
39 517
26 95
39 168
19 21
4 3
26 10
3 2
44 39
47 708
8 26
26 319
50 1103
27 336
29 77
3 3
29 89
36 474
12 51
25 180
41 737
3 3
37 235
7 10
4 5
13 50
21 189
31 408
42 566
51 944
2 1
23 250
43 95
35 359
31 367
34 256
34 43
40 621
40 474
4 1
48 676
3 2
3 2
37 459
41 397
14 28
39 642
21 151
44 125
35 138
12 42
46 601
2 1
19 96
30 340
35 245
36 297
43 45
21 129
34 399
17 123
3 3
33 287
36 196
26 270
49 262
36 565
34 421
28 134
29 301
20 83
32 201
2 1
44 820
4 5
33 74
24 242
23 51
7 4
33 455
28 137
19 49
26 100
51 152
2 1
9 7
44 583
26 293
14 67
16 15
45 516
36 607
32 382
25 237
17 17
20 184
37 70
8 16
38 108
16 67
39 687
8 12
14 38
23 168
51 388
42 188
37 303
13 30
34 532
5 10
43 193
44 41
10 14
41 307
9 7
36 145
30 238
25 41
25 248
18 93
38 299
19 106
33 37
41 706
19 163
16 91
18 109
42 485
9 26
27 252
37 278
13 46
4 5
7 1
37 266
3 1
32 86
45 524
5 5
30 98
31 313
36 16
2 1
25 60
8 7
28 292
12 48
9 3
27 175
43 69
40 105
35 589
17 93
35 97
15 97
45 105
7 18
41 28
4 3
19 156
17 66
4 4
36 132
43 77
27 21
24 210
30 346
37 355
38 171
19 127
31 203
47 717
44 13
46 883
4 4
9 12
10 45
46 298
24 272
5 9
23 77
17 77
35 492
48 236
21 6
24 214
31 53
39 7
7 2
21 59
48 1041
27 146
40 533
50 186
11 20
12 24
32 465
33 364
29 174
37 615
48 312
51 1001
29 82
49 211
22 114
42 806
49 1123
25 286
42 101
49 818
30 71
34 433
40 656
27 256
48 1001
17 73
22 115
22 194
4 4
33 341
40 705
45 146
44 812
22 188
45 540
37 30
31 369
35 473
35 144
36 391
23 103
24 78
17 31
42 789
16 14
45 183
49 1014
39 379
10 15
27 89
32 234
28 139
31 310
31 465
21 75
46 821
18 13
35 489
15 1
4 4
51 848
33 151
38 86
42 203
31 156
49 1141
30 254
22 169
34 19
24 161
17 129
46 979
39 432
18 107
7 9
34 117
20 85
7 18
36 116
3 3
14 14
26 292
26 322
2 1
49 511
14 6
45 270
50 883
43 359
39 564
39 335
7 9
36 411
16 9
9 2
36 300
19 113
14 22
8 18
4 5
39 249
23 173
29 146
17 49
40 713
21 29
24 65
37 527
38 490
29 6
18 73
16 87
24 86
31 114
42 786
38 316
4 4
12 64
33 92
4 4
29 122
51 501
49 714
12 36
38 541
28 176
3 1
43 117
21 131
7 17
8 13
41 89
3 2
41 153
26 92
8 18
16 6
7 10
44 131
46 397
7 2
38 135
17 12
35 240
51 315
48 1006
33 510
17 103
36 388
19 124
50 124
17 52
32 408
28 186
41 614
8 11
47 919
5 3
23 205
51 748
29 114
32 465
32 348
45 37
6 11
30 276
37 116
22 59
18 124
44 108
23 60
6 15
44 340
33 506
47 478
40 374
27 299
33 82
21 127
25 75
40 504
33 336
51 729
43 693
3 1
27 26
34 310
44 197
40 444
44 748
8 17
10 17
6 3
43 497
20 115
51 183
22 98
32 40
37 278
40 568
9 34
12 38
46 135
19 86
29 172
20 116
47 250
19 162
22 9
27 134
26 225
48 645
11 54
19 109
6 2
33 254
23 140
6 4
49 144
4 2
37 119
14 60
3 1
34 198
41 658
12 27
35 119
14 66
41 471
39 455
38 572
8 4
16 113
29 52
37 323
40 273
6 7
7 14
34 439
29 141
46 285
42 748
50 828
26 190
34 538
36 571
35 71
32 178
4 4
13 60
43 378
14 71
4 6
3 3
6 1
13 27
22 9
33 249
5 6
11 54
20 94
12 11
37 183
51 640
6 3
30 241
14 35
43 766
9 28
5 4
27 325
17 104
17 90
21 22
4 5
13 68
25 72
25 11
18 139
51 296
39 51
17 4
22 61
19 48
8 12
47 840
39 446
33 354
10 6
28 303
33 152
35 77
12 35
21 137
35 311
50 1098
2 1
25 24
27 17
7 20
17 5
16 116
15 33
12 26
2 1
38 463
27 52
41 366
30 164
16 54
33 429
37 470
32 49
6 6
6 7
40 421
14 87
29 168
4 4
3 3
25 88
37 599
8 4
37 247
39 24
51 994
18 84
4 5
48 101
6 12
22 202
25 85
51 201
13 53
41 543
8 23
51 1020
14 27
25 148
46 913
51 270
35 143
32 394
15 45
45 800
34 135
16 118
49 242
11 12
19 34
25 75
12 12
22 219
35 1
23 133
9 25
27 168
41 707
29 394
39 169
26 120
38 599
30 242
6 13
49 884
37 255
49 30
49 124
23 174
16 65
14 33
21 140
16 109
47 862
17 65
17 113
7 1
34 468
39 332
22 19
10 28
11 11
6 9
27 116
45 860
24 112
17 12
48 741
3 2
26 95
30 180
13 5
44 840
19 147
34 296
20 51
49 520
49 921
38 337
35 185
16 108
38 210
50 33
13 39
28 286
25 6
28 239
43 755
33 101
5 4
50 672
7 11
51 406
4 4
31 231
20 114
45 717
27 201
42 298
49 768
28 259
26 30
8 24
29 273
27 194
7 3
4 4
24 180
18 52
42 27
13 39
43 243
18 83
2 1
10 15
27 104
22 189
45 399
18 38
22 38
3 2
20 64
41 143
8 10
22 182
6 12
10 41
42 799
17 29
32 483
41 137
14 8
9 22
44 99
30 368
22 211
42 87
36 330
34 200
38 697
40 82
37 635
40 116
24 89
19 113
34 194
12 3
22 223
4 5
48 1063
31 32
13 32
8 20
51 1116
39 137
46 938
30 195
27 57
9 34
27 25
3 3
35 503
7 4
34 73
24 269
43 484
48 1017
23 36
49 839
46 330
11 54
13 11
21 139
11 12
37 29
5 8
45 477
3 1
46 516
10 28
17 34
20 142
6 7
17 70
15 57
40 224
51 127
15 54
42 83
49 1026
10 11
16 32
40 698
3 3
4 2
4 4
13 31
32 278
16 88
22 130
10 11
4 6
14 23
32 353
41 618
35 570
31 261
2 1
19 80
4 3
17 115
43 254
29 269
47 925
23 209
22 190
28 276
45 931
42 295
48 27
4 5
33 346
32 65
3 1
40 24
23 56
12 26
34 16
39 426
30 301
45 979
44 231
25 287
14 31
13 52
50 615
41 10
49 564
15 14
22 147
6 8
9 7
7 4
3 3
20 12
4 1
33 428
38 193
37 71
23 227
11 40
12 7
50 536
23 116
10 28
19 23
38 414
30 32
17 80
37 629
14 51
2 1
40 399
51 49
40 443
22 103
43 212
4 2
44 505
9 24
22 28
17 79
51 845
49 432
27 279
5 9
27 101
34 423
45 544
39 450
7 18
37 207
42 99
43 325
16 20
37 123
26 154
44 484
49 1014
44 101
27 322
14 84
4 3
16 46
31 330
33 117
13 77
36 154
6 7
40 621
29 272
8 14
30 136
30 273
43 258
4 5
22 113
21 204
13 76
22 102
43 854
29 24
20 164
10 35
43 553
49 383
26 81
23 105
8 13
32 334
25 83
20 176
50 240
22 207
28 272
4 3
46 862
25 65
46 589
41 367
34 553
8 21
45 79
14 21
32 147
3 1
28 48
2 1
12 44
38 563
16 19
6 11
21 10
27 241
17 113
6 13
6 6
9 16
42 427
3 3
16 13
27 42
25 29
21 34
3 2
23 48
48 1097
29 57
9 7
36 343
22 161
23 21
2 1
30 2
2 1
15 85
35 582
10 19
21 209
45 691
38 257
41 463
44 755
4 1
23 147
26 19
30 374
24 210
28 51
24 237
33 226
46 145
30 374
26 175
33 126
23 10
33 205
3 2
29 253
28 291
46 983
47 15
2 1
4 2
21 177
9 19
15 8
18 4
7 9
45 879
11 16
9 32
29 283
19 93
18 123
8 16
47 374
36 479
25 139
29 32
18 99
49 844
40 735
27 266
10 42
35 34
40 73
11 16
5 7
24 66
23 209
34 79
36 289
18 14
10 4
5 5
32 455
8 9
18 133
16 16
6 15
45 803
44 553
12 44
34 60
20 146
14 80
25 198
23 40
9 23
39 175
8 4
14 22
38 642
48 423
8 21
5 10
49 798
7 6
46 923
43 847
44 438
20 148
4 6
11 10
25 48
23 222
18 121
46 800
17 1
8 22
47 462
26 193
9 18
3 1
20 83
21 91
47 935
31 71
30 247
13 29
42 838
36 277
23 222
13 25
23 146
13 65
33 90
12 18
18 8
45 415
5 5
48 673
3 1
2 1
20 133
37 239
51 720
19 86
2 1
12 16
51 597
41 202
10 45
24 161
12 60
10 29
33 81
15 60
33 71
17 119
32 380
10 10
26 201
51 200
7 14
49 828
34 239
40 673
37 269
18 100
33 7
12 35
32 487
50 112
44 834
13 9
20 123
3 3
51 53
21 6
15 88
16 58
5 5
41 712
18 86
40 230
33 518
15 74
27 16
28 196
30 131
41 640
14 4
48 862
46 936
22 166
36 585
8 15
40 136
33 277
4 2
7 14
20 39
2 1
35 512
16 35
20 34
17 57
49 1120
48 808
28 193
2 1
3 2
3 2
7 17
50 585
5 4
46 700
26 72
21 28
27 255
25 44
41 29
28 320
51 173
32 225
42 242
43 42
43 249
37 216
28 182
8 4
40 304
7 11
51 153
24 259
15 36
22 63
36 157
43 146
22 53
15 26
7 11
6 9
48 548
47 680
24 251
8 25
9 22
27 121
42 12
37 62
46 8
10 6
5 10
18 28
25 130
37 621
36 140
31 298
30 62
11 38
32 100
17 18
32 75
2 1
41 158
30 41
46 717
18 30
40 153
26 89
13 6
48 30
51 101
34 107
5 2
34 118
10 28
27 87
41 16
17 37
14 16
17 103
34 187
9 29
17 128
38 452
45 783
28 235
11 44
23 204
3 1
2 1
6 7
4 6
5 8
25 19
15 77
28 61
24 41
22 91
19 21
21 111
42 240
6 2
10 19
18 105
35 587
23 30
46 59
35 419
44 478
18 130
2 1
6 5
30 385
16 79
35 554
10 11
35 34
29 210
45 306
2 1
15 22
18 23
48 903
10 22
13 15
49 570
20 184
37 582
29 295
49 595
37 594
40 489
24 262
13 62
14 20
46 311
37 511
37 115
16 84
27 60
21 125
38 386
29 3
41 565
28 39
19 133
47 718
36 151
24 94
37 643
9 22
15 66
46 175
31 289
46 645
38 322
32 457
8 14
50 971
15 77
37 553
42 407
41 435
4 6
21 89
51 1180
23 218
28 244
16 96
28 185
13 13
28 112
40 103
2 1
31 454
17 119
48 458
49 748
33 124
51 79
41 381
36 282
17 41
30 92
19 130
44 557
22 189
25 10
5 4
50 1035
38 625
51 985
25 299
24 103
51 874
11 2
25 246
6 12
9 13
24 145
43 676
10 22
37 230
22 229
6 4
26 44
36 616
31 323
25 252
15 66
28 262
18 96
24 271
45 103
8 4
12 40
34 122
11 40
4 2
11 40
2 1
6 10
11 14
45 345
39 569
13 60
37 420
17 15
3 3
44 65
28 303
7 12
25 165
29 139
48 1061
37 303
23 173
34 50
26 126
21 12
37 509
29 268
14 76
33 392
5 4
23 6
29 340
41 792
45 769
31 400
8 1
39 45
9 10
14 61
48 644
49 267
17 133
7 18
20 119
43 546
13 47
4 3
45 34
45 730
13 59
32 272
42 849
49 1106
41 622
35 527
46 791
22 168
6 13
41 273
17 53
48 859
48 387
22 226
46 235
33 440
40 162
27 135
33 429
30 7
39 434
11 42
45 752
44 352
10 19
24 94
17 27
5 3
22 161
6 10
41 318
24 87
50 875
11 41
27 43
3 1
5 3
47 901
45 430
48 132
25 119
28 7
40 772
6 1
8 5
29 351
49 90
30 62
2 1
30 328
32 292
41 144
45 457
34 395
27 47
39 507
50 991
43 387
50 673
50 82
10 11
8 28
30 420
5 9
27 149
9 19
14 42
43 407
36 514
43 470
5 1
16 14
49 18
45 58
7 12
8 10
23 189
22 199
51 725
32 255
7 19
32 263
38 314
27 319
49 166
37 62
51 150
10 5
9 3
48 873
48 529
29 190
17 50
21 35
23 215
42 793
40 72
49 231
47 660
51 1193
45 415
49 780
38 548
44 908
10 6
9 9
45 85
27 322
33 326
28 228
49 333
36 118
41 614
17 101
9 20
31 362
3 3
48 172
36 209
36 345
30 2
4 2
29 167
35 180
29 204
18 33
30 391
17 112
37 367
6 3
49 272
47 298
15 72
44 271
33 314
46 853
20 138
37 291
29 366
9 17
36 76
34 141
29 286
36 73
31 76
8 24
27 213
32 361
47 415
42 273
3 3
43 494
36 359
20 34
51 876
21 197
4 2
2 1
50 1135
43 750
26 175
10 22
3 3
46 495
15 85
30 40
23 15
38 445
51 1255
22 70
33 126
39 577
42 449
16 31
24 202
22 147
7 12
4 3
23 252
11 12
34 20
4 1
12 34
15 66
47 556
15 10
25 251
16 27
39 179
10 37
38 4
14 7
13 3
6 13
14 3
20 115
7 12
2 1
13 47
29 234
2 1
40 46
44 25
45 123
35 283
45 481
34 11
17 50
25 120
29 280
37 580
34 104
18 13
9 32
2 1
38 383
29 169
32 5
31 139
4 5
29 60
36 373
9 23
9 19
23 247
20 139
32 15
2 1
38 39
30 263
47 336
43 149
45 802
48 53
49 99
40 177
2 1
40 78
29 35
41 291
33 338
11 19
13 36
14 57
21 41
39 172
10 39
45 172
4 6
29 318
42 324
27 37
43 589
3 2
14 51
20 156
4 2
10 34
43 439
15 81
14 44
29 102
33 523
28 270
13 57
36 544
22 136
47 242
29 121
35 532
41 774
40 612
35 503
6 10
21 179
38 1
22 194
9 34
39 567
38 13
39 635
4 4
38 698
26 316
48 1082
9 6
15 18
30 214
46 351
26 115
5 1
50 951
28 86
31 279
42 88
16 91
42 533
43 150
21 187
43 247
29 133
5 1
50 59
40 225
20 165
12 12
27 119
51 654
19 117
18 128
49 94
42 354
2 1
17 110
51 935
38 107
11 32
21 190
29 327
6 1
26 190
21 20
27 185
4 5
2 1
4 2
6 3
39 177
28 71
31 223
13 16
6 14
11 55
36 597
36 271
35 576
7 11
12 11
26 165
28 95
39 405
26 219
25 162
3 1
17 23
31 128
50 59
4 6
11 7
49 1028
29 279
8 1
37 417
20 52
34 72
40 693
27 4
17 118
27 309
4 5
51 1182
21 70
19 92
10 39
12 20
26 115
38 473
25 124
2 1
38 487
39 204
8 24
40 375
20 104
45 101
8 15
6 8
46 964
3 1
3 3
12 44
4 3
11 43
23 236
22 140
46 450
36 403
26 98
28 217
40 152
17 25
18 115
27 152
46 197
16 36
41 427
27 90
26 235
22 209
48 881
9 13
4 4
46 99
17 116
25 156
46 764
3 3
13 28
26 131
7 16
4 2
21 68
42 813
16 114
43 355
7 2
4 6
43 562
40 508
23 81
14 18
3 3
32 103
47 724
19 27
2 1
51 120
51 718
17 48
7 1
25 163
9 8
24 138
25 13
8 8
25 171
15 45
38 309
38 68
6 11
36 45
28 160
28 284
27 234
44 537
50 468
49 1035
46 82
9 5
35 79
19 31
35 426
34 439
29 255
7 11
27 14
40 502
27 92
33 259
10 24
37 161
43 878
16 26
5 2
7 11
38 230
46 278
8 11
46 730
48 766
20 72
43 109
26 292
25 106
20 12
31 131
41 783
39 668
11 53
31 308
32 383
43 564
42 806
4 3
34 18
37 91
23 153
10 22
46 692
5 6
16 23
22 7
8 7
12 53
6 10
35 581
9 31
11 48
24 235
33 103
14 39
10 37
49 382
34 103
2 1
13 8
24 240
21 99
47 510
46 511
22 120
37 485
6 7
29 177
12 24
37 638
32 452
13 18
14 21
27 55
34 289
32 115
24 202
37 124
34 53
21 105
11 20
34 166
5 3
43 91
25 77
42 429
22 143
36 323
2 1
49 844
2 1
41 723
30 97
44 697
8 12
17 18
20 160
32 230
13 48
38 660
50 1003
41 361
32 7
4 6
38 580
18 109
29 124
13 69
38 458
20 73
20 134
13 65
35 332
9 13
16 67
33 313
25 121
34 10
48 1090
40 555
39 662
25 17
18 65
26 153
43 750
46 295
28 4
48 60
50 56
10 3
3 1
29 393
13 66
36 551
50 98
46 623
33 212
6 13
5 1
51 520
25 296
6 3
4 5
17 99
9 30
16 92
18 121
39 492
7 12
42 127
50 685
45 760
6 5
28 104
31 106
6 1
24 137
9 35
14 8
28 132
2 1
34 148
36 193
48 1120
47 156
46 569
25 240
24 84
40 651
40 449
29 293
27 165
6 15
25 217
10 20
40 719
44 691
27 139
46 399
21 151
12 54
37 260
7 18
16 94
12 59
15 69
51 914
39 340
24 16
22 7
16 61
43 270
34 437
38 308
44 424
21 65
23 112
41 157
18 103
21 88
11 11
19 124
25 57
14 37
21 115
33 205
48 485
46 209
45 152
9 6
38 57
41 250
35 564
37 46
37 402
30 425
44 924
5 8
6 8
17 84
5 9
13 40
25 7
29 11
39 126
5 6
15 13
37 611
24 1
50 383
33 153
3 3
26 107
45 431
27 14
7 18
11 28
29 87
25 56
2 1
44 716
39 284
49 831
6 15
49 119
30 319
34 87
6 9
42 683
40 186
11 47
46 971
15 17
6 4
30 362
4 5
13 22
30 279
18 14
31 201
42 616
45 43
43 452
35 427
2 1
48 223
21 121
34 418
16 70
24 211
47 717
17 26
18 44
19 65
33 406
49 292
10 43
47 318
46 24
34 367
4 4
8 16
25 42
8 16
32 371
32 246
7 12
38 95
44 59
7 2
9 25
46 271
48 1048
21 1
22 115
39 259
36 604
47 414
36 304
47 843
36 458
46 472
26 208
16 117
42 668
41 48
27 81
17 110
29 209
16 20
39 507
25 273
48 411
34 232
26 28
51 1111
7 14
3 3
28 300
50 169
40 370
18 80
27 328
38 161
19 112
5 5
5 7
30 123
48 1099
37 421
40 685
36 166
30 401
30 357
6 12
26 268
18 125
9 32
27 23
51 768
48 171
49 397
32 428
4 1
40 228
3 3
25 186
25 102
25 4
11 10
32 383
24 131
30 85
45 575
27 13
50 873
48 392
26 27
25 229
6 4
19 108
43 658
47 360
44 923
21 64
51 427
41 482
51 46
5 5
28 207
38 341
4 3
24 33
12 14
6 11
12 42
26 277
14 2
21 107
41 609
11 47
42 139
14 57
25 118
38 536
50 1223
27 286
9 32
29 360
48 204
36 497
5 2
11 13
32 389
25 273
21 25
15 55
39 325
2 1
49 903
13 58
15 93
47 1080
38 629
41 714
8 9
43 413
39 77
30 15
33 48
43 680
39 612
13 6
38 398
39 355
4 4
30 26
40 364
39 168
50 578
11 25
5 4
17 57
8 16
11 8
50 304
42 55
13 50
12 18
19 79
32 199
51 9
39 226
36 176
15 58
4 6
40 758
32 108
51 287
2 1
27 64
17 84
37 662
23 179
26 114
50 181
12 64
17 3
40 530
25 104
35 403
30 232
38 68
30 41
48 63
49 599
32 488
41 737
42 282
16 25
3 2
23 100
15 93
13 36
40 527
6 8
17 26
47 265
47 659
40 543
8 27
18 135
51 408
5 10
22 193
7 3
37 258
38 245
20 161
3 1
40 106
32 369
44 277
11 29
6 14
34 472
36 281
49 402
9 23
28 40
25 284
4 5
14 19
8 21
43 231
41 692
19 61
39 737
49 1070
51 4
47 932
16 112
35 494
20 134
18 138
26 140
31 25
2 1
22 14
26 189
20 56
46 951
37 399
48 219
33 37
40 139
33 339
13 10
19 69
14 21
29 5
29 139
17 80
2 1
39 46
50 956
44 278
44 760
31 355
18 23
39 233
42 25
12 4
37 230
36 108
19 40
38 10
21 52
25 173
41 191
51 213
20 94
36 451
27 131
51 667
27 240
49 1100
9 36
22 200
40 595
46 266
19 26
3 2
35 172
11 53
41 611
14 81
7 6
21 161
14 9
25 90
11 48
11 12
33 166
15 71
38 61
29 346
41 692
44 917
9 36
49 355
17 42
7 1
9 14
5 2
50 328
13 24
3 2
28 246
3 1
7 5
50 158
49 230
17 96
15 89
47 869
23 252
23 17
37 554
8 28
2 1
20 114
13 60
37 558
6 15
30 10
32 91
46 888
19 31
21 182
36 307
45 597
30 276
39 168
46 809
7 13
51 999
14 61
46 138
2 1
40 561
12 38
11 25
50 652
16 48
11 9
35 459
8 1
20 4
30 35
40 644
12 22
10 23
2 1
24 275
7 2
36 627
33 10
22 213
24 275
49 1002
37 420
36 484
49 529
39 290
20 18
14 77
19 162
5 10
28 70
23 3
42 797
2 1
3 2
5 4
9 34
6 10
40 282
39 350
47 601
16 25
6 4
47 1069
2 1
44 613
30 259
14 46
22 172
45 364
37 320
48 679
2 1
40 779
48 254
27 286
6 12
7 14
21 73
35 232
5 6
3 1
42 150
5 3
34 441
38 534
45 385
15 51
41 124
37 404
35 413
29 54
5 5
51 475
39 578
49 291
11 47
25 50
21 47
13 60
26 150
23 38
36 385
17 34
42 146
13 32
15 14
14 66
24 2
47 1050
47 764
3 2
48 711
7 6
4 3
18 1
22 131
49 561
26 90
33 197
17 135
41 212
34 414
2 1
18 26
20 172
42 143
19 42
50 850
3 1
44 35
34 5
11 25
20 104
45 201
3 1
46 1023
44 318
47 539
36 162
41 693
26 33
26 217
20 44
17 13
28 323
44 277
26 52
41 166
39 337
47 8
49 1104
33 438
20 99
37 613
42 612
9 17
11 24
10 45
8 20
3 2
37 128
46 421
49 476
7 21
22 151
24 68
45 756
11 5
36 595
20 127
23 134
42 18
13 55
14 76
26 89
8 20
11 31
23 158
38 318
42 540
32 435
27 176
22 169
42 479
33 43
34 81
40 225
39 380
25 50
22 127
14 25
10 2
29 31
31 271
10 35
25 90
36 629
17 41
37 496
16 87
19 95
22 85
22 190
6 11
10 1
46 339
3 2
48 311
37 527
47 335
47 764
38 404
21 84
41 75
12 12
24 23
3 3
35 73
4 5
21 23
19 127
37 619
21 183
3 2
12 23
3 1
21 81
41 679
45 239
46 185
36 147
34 109
12 44
11 35
9 24
29 173
47 319
49 291
50 274
24 9
50 976
18 30
17 70
9 20
37 194
17 92
21 130
9 35
18 40
50 852
51 953
4 1
44 320
12 45
51 685
3 2
14 23
21 210
28 182
42 504
32 88
35 323
6 8
38 605
12 43
51 486
14 20
8 27
5 10
50 455
7 15
6 15
22 40
51 1247
5 2
12 2
49 338
39 90
39 626
28 218
12 32
13 51
33 115
32 81
41 679
42 430
32 310
16 93
23 238
51 450
8 22
11 31
8 10
11 41
24 136
48 439
19 166
10 14
30 29
38 285
21 207
17 98
25 32
5 5
48 593
22 110
17 103
12 50
31 217
20 114
11 46
40 557
25 297
28 278
39 720
26 7
42 77
11 17
23 138
14 4
21 34
26 60
15 26
10 10
8 7
49 1132
43 654
47 206
36 462
23 128
37 272
31 49
39 323
46 209
4 5
29 160
43 101
8 19
41 77
2 1
44 409
15 2
37 543
6 10
34 429
44 38
25 172
49 425
11 54
22 134
6 14
37 216
4 4
6 7
9 35
40 13
8 22
42 398
16 75
15 2
24 75
19 136
31 198
12 42
12 8
5 5
33 171
14 55
34 460
28 338
28 261
47 1029
20 26
31 188
34 364
32 221
4 6
6 8
18 147
25 128
2 1
45 124
20 128
22 69
29 113
46 37
14 57
43 161
29 403
18 42
20 59
17 94
50 448
7 6
43 483
45 704
12 38
30 124
48 139
33 313
48 30
34 463
20 4
45 346
49 380
8 20
12 33
42 399
50 246
26 290
29 257
34 160
11 48
18 132
12 30
35 197
30 351
16 57
42 497
46 860
23 152
9 32
28 280
45 755
47 587
17 39
41 700
12 55
13 75
10 37
31 109
29 140
11 20
7 14
7 1
43 47
8 13
11 13
49 321
11 48
24 213
19 22
28 174
16 80
9 35
15 14
17 29
49 1017
38 197
32 57
8 16
22 206
25 33
48 687
38 156
17 21
36 603
26 38
15 104
5 1
14 11
12 36
11 15
10 3
15 69
43 844
13 27
37 499
48 741
8 17
43 324
47 1019
9 6
41 261
11 51
44 38
13 45
4 1
15 1
22 171
2 1
50 962
27 229
49 764
22 186
12 42
31 156
43 633
28 361
11 13
29 243
14 53
10 20
13 61
29 202
3 1
45 750
43 505
39 236
48 666
46 707
23 175
15 43
17 70
46 322
32 485
34 14
15 82
10 10
17 122
8 13
17 98
19 143
23 208
50 370
14 52
27 140
23 237
49 609
35 203
16 4
18 73
9 26
42 196
5 6
5 10
23 53
12 7
32 459
47 484
5 9
24 100
45 246
25 144
35 163
37 662
24 228
50 1006
34 315
50 113
47 146
49 553
28 260
11 22
47 492
37 250
16 100
34 531
6 11
5 10
16 101
43 511
45 472
21 98
34 62
16 20
24 20
50 599
25 210
9 9
15 13
21 171
6 2
42 237
11 26
2 1
37 220
14 51
36 154
9 31
4 4
50 1078
37 163
29 171
9 19
30 128
31 61
4 2
5 5
45 673
41 206
40 745
40 673
6 4
40 244
43 542
37 404
23 234
39 715
34 106
37 409
21 77
14 37
51 367
18 101
32 62
44 437
34 182
27 77
8 6
6 5
9 32
41 802
13 69
34 195
27 225
9 35
36 263
19 134
42 304
34 545
45 688
45 658
10 16
19 2
37 48
17 87
14 68
27 264
39 633
22 3
29 83
10 24
4 4
2 1
15 91
16 119
14 3
37 291
31 170
42 476
28 242
15 24
16 91
18 68
2 1
19 86
18 129
44 793
4 1
16 118
31 150
27 74
42 631
17 127
19 156
40 274
17 6
35 197
46 10
36 285
40 232
25 107
28 22
29 67
13 62
50 394
24 252
38 654
38 325
37 244
13 4
2 1
31 449
9 28
37 634
21 146
46 830
33 217
13 73
7 14
4 4
19 128
30 30
43 218
12 11
23 21
6 12
2 1
9 26
12 63
3 3
21 208
27 19
22 213
13 26
14 46
32 7
43 846
38 428
29 333
13 63
19 58
22 79
6 8
29 357
23 199
49 621
29 269
44 682
14 73
28 374
22 183
7 11
21 122
51 397
41 383
46 832
34 510
28 233
45 204
3 3
35 449
8 27
25 300
14 37
6 11
14 39
51 1220
45 139
14 47
16 92
8 3
12 63
29 13
27 122
41 809
41 225
28 58
38 700
50 176
43 232
43 890
34 24
27 222
12 38
21 205
41 306
38 653
18 50
39 452
40 609
21 18
4 6
28 249
3 2
43 483
32 141
47 170
28 287
43 782
12 37
14 32
39 19
4 4
16 70
46 953
19 136
33 418
15 38
15 32
36 75
10 35
42 707
30 102
30 375
4 3
33 207
43 350
17 44
26 180
34 270
35 427
38 180
26 52
25 238
19 29
46 423
26 210
35 49
5 2
26 206
3 1
24 17
31 393
37 638
18 46
26 127
24 74
19 109
18 43
37 309
2 1
15 76
18 51
32 394
11 42
26 236
16 99
4 4
37 562
51 654
10 11
6 8
42 589
30 238
16 85
45 815
47 791
43 16
9 24
34 293
32 402
31 202
9 20
44 540
25 192
50 709
18 69
20 68
26 172
18 60
14 7
7 17
21 179
25 229
24 227
47 833
19 95
4 5
11 15
21 15
37 465
22 194
25 239
15 83
38 588
42 839
44 520
13 60
47 309
42 728
44 408
25 262
17 51
38 678
24 64
13 75
27 293
16 29
23 91
50 585
10 34
12 9
37 584
15 68
12 46
4 3
46 483
18 46
7 13
38 509
13 52
40 650
34 24
41 394
35 268
14 14
29 122
47 847
50 759
51 811
18 125
17 125
30 119
24 239
39 322
16 21
11 28
41 582
8 20
48 338
20 31
34 173
37 52
14 1
39 658
48 956
16 104
20 136
50 993
33 374
4 2
40 314
49 864
6 6
8 21
46 453
14 31
27 214
9 34
36 367
5 3
4 2
50 148
14 67
16 106
36 239
42 178
33 236
3 3
46 141
41 79
39 568
20 173
3 2
5 6
26 207
22 132
28 67
2 1
18 28
38 190
38 655
26 143
18 89
8 17
38 430
3 3
50 1170
41 201
49 781
39 441
3 3
3 2
29 248
19 129
21 134
50 731
34 269
26 224
3 1
12 34
29 122
16 16
35 399
27 195
49 686
9 35
24 19
27 102
15 76
50 360
2 1
43 792
25 168
34 416
49 136
17 53
8 6
5 2
36 252
25 233
46 336
32 35
42 22
22 147
5 1
41 24
21 121
40 323
49 403
21 147
17 71
26 298
18 78
15 6
11 55
36 66
23 181
27 125
27 287
19 40
20 190
35 5
41 414
34 207
46 799
37 618
39 495
35 16
42 598
8 8
42 649
8 18
11 12
27 285
31 1
20 169
6 13
39 231
29 264
34 489
26 21
35 75
34 425
21 43
19 134
25 108
22 62
23 249
12 15
22 87
43 172
42 463
44 538
43 265
5 6
45 580
47 707
45 790
47 164
3 2
44 779
26 215
5 6
48 221
43 278
10 41
8 7
34 305
33 466
23 62
3 2
16 29
45 700
30 69
26 105
6 13
8 3
33 30
25 80
29 58
49 240
4 3
39 352
9 8
12 3
7 5
46 232
11 5
33 488
31 338
21 25
26 303
14 7
40 679
39 142
7 21
7 3
47 722
45 3
20 146
34 187
18 114
49 359
20 51
19 90
39 63
35 595
15 32
24 209
38 59
24 174
2 1
2 1
28 260
51 845
5 2
22 124
14 69
51 908
51 168
33 157
7 18
4 2
15 22
27 262
40 428
44 763
28 201
38 652
43 447
51 820
21 42
18 57
42 843
17 64
36 257
30 246
15 6
13 9
9 17
29 346
37 352
41 94
15 41
20 146
15 91
3 3
43 277
19 48
37 21
23 137
34 527
13 25
34 443
26 140
12 17
40 346
25 228
11 25
7 2
46 546
49 1114
6 12
17 130
25 1
11 37
23 224
48 234
41 51
7 16
21 99
20 100
15 2
38 234
34 66
4 1
15 42
26 170
44 360
44 78
43 679
16 103
47 482
49 297
44 794
2 1
25 219
24 49
14 3
13 53
6 1
25 218
20 40
39 453
42 772
32 408
35 125
49 743
8 14
16 99
2 1
13 30
37 490
15 15
48 345
48 767
43 360
19 116
22 75
25 261
40 554
45 504
50 966
5 7
39 351
9 34
36 81
14 34
8 9
23 207
4 2
6 5
40 672
8 23
32 446
22 130
36 526
45 143
8 3
43 352
17 53
35 176
20 88
24 243
27 79
30 94
13 17
26 225
8 9
12 57
13 53
8 8
50 175
32 145
49 208
3 1
23 142
14 43
36 615
20 100
30 132
41 452
31 326
44 114
49 369
25 211
39 140
10 36
34 192
43 590
15 78
43 741
31 55
29 228
42 128
26 321
44 685
13 70
33 173
12 38
12 54
43 726
18 102
34 102
41 464
29 339
20 81
40 298
26 267
14 78
13 57
39 104
4 6
30 317
9 13
17 18
27 275
19 163
10 15
45 358
27 310
4 6
45 561
42 227
10 13
38 200
42 618
27 324
29 321
33 417
48 499
5 3
8 9
19 86
22 53
16 36
35 72
40 757
10 11
48 872
36 473
41 705
10 22
23 54
24 91
23 139
6 11
45 722
47 650
29 22
25 142
16 38
11 30
35 474
38 357
39 728
16 87
49 479
46 336
10 20
27 112
42 452
8 20
44 737
47 274
25 120
13 17
30 244
48 534
43 33
45 571
5 8
8 23
31 418
25 240
23 48
23 184
31 435
48 289
35 133
46 425
15 46
51 567
32 92
6 2
32 328
3 3
6 5
40 777
14 89
27 181
13 27
49 1140
30 59
19 53
39 294
24 45
20 74
47 833
23 154
24 76
49 115
39 518
37 627
40 120
41 456
37 408
16 93
50 1120
27 276
11 11
28 105
19 42
9 32
47 577
15 79
36 253
46 667
18 47
51 1057
33 436
24 255
48 775
2 1
36 88
13 38
44 792
29 309
37 334
27 48
19 32
3 2
4 2
27 212
28 19
27 104
21 210
29 322
41 768
13 4
9 25
19 102
13 73
15 3
35 11
32 100
32 412
6 1
28 12
8 25
10 44
16 8
35 79
47 541
23 175
50 806
33 484
33 525
15 23
43 431
39 35
2 1
4 1
9 5
42 714
39 315
48 642
31 117
46 375
8 16
35 292
51 515
25 132
8 9
30 94
37 542
23 91
41 705
46 872
8 19
11 54
38 175
48 158
43 644
42 48
14 52
7 13
39 22
45 16
21 154
47 598
44 692
44 675
45 619
30 320
26 166
47 415
2 1
27 49
38 502
45 310
42 752
13 72
33 337
29 325
33 465
8 14
41 389
9 27
38 82
36 71
30 365
24 63
24 97
21 140
17 35
12 45
17 134
39 246
29 189
50 1111
41 255
35 536
7 18
17 82
31 365
6 3
32 327
39 71
28 5
17 87
23 176
2 1
48 650
36 566
8 25
39 1
40 634
29 128
18 70
41 358
45 806
6 1
23 57
32 145
3 3
44 551
25 245
14 87
37 479
51 94
34 561
42 418
11 1
20 86
14 85
24 41
4 1
35 107
23 63
28 322
13 63
49 623
18 72
9 12
10 22
51 419
45 282
18 58
13 13
32 421
46 810
36 549
37 526
28 329
35 280
33 287
28 14
34 447
45 320
50 727
48 958
48 190
40 333
47 326
51 178
30 181
34 530
47 444
33 143
27 329
30 103
14 53
42 81
3 1
36 380
38 699
50 1134
25 138
49 641
43 723
48 710
45 31
35 197
49 1121
17 117
37 230
33 364
2 1
44 103
8 23
5 4
12 61
28 44
43 692
3 2
24 30
5 8
31 399
10 14
8 12
5 2
21 175
43 560
10 44
27 63
13 74
11 37
35 236
8 11
13 36
12 8
11 21
2 1
7 12
21 12
36 273
7 13
10 2
27 253
33 411
35 120
33 197
17 135
32 212
44 724
34 327
28 24
21 99
34 213
41 112
40 497
27 292
31 394
43 503
2 1
11 31
18 25
31 339
11 50
8 12
4 5
8 17
34 319
13 5
4 1
21 161
28 57
37 53
29 167
18 68
2 1
18 117
20 27
3 2
9 24
30 6
51 162
44 150
14 6
3 3
8 11
8 19
18 84
44 415
21 160
29 404
36 415
39 4
44 145
33 500
3 3
13 35
48 601
38 43
9 34
28 102
14 67
50 656
29 5
30 247
3 2
17 121
4 5
42 86
48 657
47 416
36 408
2 1
13 73
47 109
31 449
38 688
12 9
26 113
28 165
36 309
14 6
18 30
8 23
14 50
34 345
4 5
19 151
5 9
44 21
2 1
25 187
17 114
22 61
23 196
47 284
29 83
10 6
28 131
7 15
23 209
51 1251
10 32
31 277
48 258
13 33
46 183
35 395
22 175
4 2
6 1
2 1
12 50
30 17
27 98
29 387
28 91
25 35
46 23
50 1191
27 11
39 733
48 1005
33 438
29 127
14 26
36 114
17 9
26 122
34 455
34 561
2 1
42 183
46 916
30 193
27 277
6 8
27 200
36 380
25 213
47 256
48 1088
3 2
29 174
11 22
30 159
25 81
3 3
8 3
51 512
42 369
43 247
41 30
3 1
30 230
41 604
14 14
6 11
3 1
44 741
46 882
6 14
3 3
36 448
7 8
47 27
13 2
48 351
8 16
30 97
24 98
11 42
9 4
4 5
50 70
20 125
17 119
16 110
34 31
30 325
35 415
39 556
15 40
51 97
35 375
9 14
51 717
46 924
35 512
18 14
44 925
29 175
13 77
31 281
42 743
36 497
35 390
25 249
12 17
21 164
6 12
3 2
46 683
15 33
47 299
14 38
17 47
49 89
34 182
27 172
40 523
4 2
38 457
24 207
4 4
43 267
22 101
13 49
43 462
46 957
7 12
26 298
48 246
3 2
6 4
9 25
42 321
21 117
39 307
26 267
37 369
49 644
12 37
23 22
38 339
42 275
26 242
15 43
44 929
5 7
47 738
44 212
23 112
16 41
7 10
3 1
10 29
51 422
12 31
27 66
42 597
39 210
36 304
40 337
21 144
26 92
7 2
6 3
29 341
39 378
14 9
26 247
41 766
46 593
50 347
50 366
40 489
8 17
45 727
2 1
42 207
33 102
44 710
26 246
9 29
6 15
7 20
44 605
8 9
50 1205
11 15
48 261
41 783
28 245
51 303
50 692
7 7
38 232
20 54
22 66
29 69
47 99
7 8
32 97
30 345
22 56
32 152
41 20
21 167
5 1
47 279
13 67
37 365
2 1
15 6
31 361
49 873
26 203
19 34
20 96
37 582
37 576
8 7
40 456
44 478
50 363
49 8
42 766
11 51
39 723
15 87
16 1
46 996
16 113
49 342
11 33
24 217
4 1
23 38
7 5
36 536
5 2
17 66
17 85
37 625
51 149
23 230
12 44
8 18
31 46
12 14
41 375
37 182
16 47
34 304
22 139
29 34
51 468
20 65
20 116
18 46
8 16
39 172
9 12
45 757
2 1
29 160
41 474
33 364
23 5
27 227
33 121
18 26
48 585
46 22
42 102
38 573
6 14
16 62
20 179
51 271
15 18
11 41
44 265
10 19
7 13
9 25
41 694
20 6
12 49
4 5
29 373
50 157
17 31
44 646
24 54
7 10
24 267
45 267
9 10
32 19
41 530
3 1
14 43
20 23
36 313
26 189
14 78
46 968
41 39
16 92
35 310
51 32
37 637
24 1
50 755
9 22
45 559
23 184
31 425
34 452
13 16
28 154
35 88
6 3
14 17
38 397
39 506
4 6
34 442
19 113
33 523
25 125
36 265
36 405
36 178
29 378
28 67
25 110
30 98
36 524
48 347
43 450
11 16
10 4
23 189
27 60
4 5
31 393
47 674
3 3
34 363
30 199
40 522
20 48
33 471
14 75
28 82
14 37
50 1074
31 422
3 2
28 28
9 32
46 25
22 42
37 240
30 9
13 21
19 144
37 135
39 312
29 342
4 4
3 1
18 130
28 126
40 123
27 96
11 55
3 1
19 111
36 376
6 4
15 67
33 256
23 49
2 1
36 556
43 725
11 19
19 170
29 131
41 733
9 21
24 92
32 24
51 1192
38 547
18 3
28 291
6 3
21 16
49 630
14 86
45 372
51 286
11 54
22 133
33 221
51 406
41 410
48 281
49 241
44 435
39 645
16 83
20 186
49 812
42 633
10 19
34 437
48 852
40 197
44 776
48 950
28 166
24 203
26 45
10 34
37 464
38 683
39 178
36 347
26 253
49 871
12 33
46 704
27 116
27 75
7 20
14 61
11 15
9 18
8 24
5 4
14 19
45 343
50 955
42 414
8 13
8 6
24 109
29 288
36 265
19 127
30 250
24 78
18 145
26 100
48 154
19 26
20 143
15 57
46 44
40 743
45 838
23 195
51 202
15 80
9 11
27 349
15 14
28 70
31 281
7 8
31 301
39 267
41 551
18 55
7 12
38 701
6 15
16 64
14 34
41 311
13 18
9 4
17 11
8 27
38 508
24 169
43 393
16 101
13 63
18 135
41 775
20 44
17 129
51 929
14 22
50 301
7 5
4 3
43 599
19 19
27 349
48 437
3 2
50 390
46 505
35 275
20 124
31 440
38 233
14 74
19 85
29 61
21 191
47 443
43 521
45 347
5 10
36 77
5 3
25 298
49 905
35 183
12 14
3 1
43 46
2 1
31 375
37 272
11 11
18 136
46 575
20 40
2 1
8 10
39 42
4 3
39 78
5 10
3 2
51 1095
26 27
7 2
33 421
9 7
24 68
45 889
34 468
19 76
18 1
41 446
6 12
43 421
31 310
47 265
3 1
29 247
50 960
34 56
28 88
24 141
14 73
20 167
32 72
32 419
11 25
5 6
14 71
11 30
41 488
28 305
4 4
22 156
41 263
34 382
43 306
19 12
25 236
3 2
23 78
4 1
4 6
49 258
4 6
13 26
18 50
39 496
49 509
24 183
12 5
8 11
14 32
11 48
13 58
45 693
46 183
18 128
6 11
16 19
26 53
3 1
20 20
16 96
49 888
8 2
49 787
15 73
39 195
51 474
36 133
34 285
41 639
29 237
16 104
6 6
24 33
37 522
51 502
10 4
42 783
9 27
30 117
4 3
48 460
18 132
50 252
14 81
51 216
37 106
37 585
8 25
2 1
5 10
46 242
49 484
30 412
29 273
29 180
28 324
38 152
9 15
48 175
26 48
14 87
15 105
5 10
11 24
16 73
6 4
28 70
49 513
12 1
16 110
9 4
17 85
40 393
30 65
46 280
33 79
18 141
8 6
17 130
29 68
32 458
42 622
37 36
14 13
16 97
36 422
21 182
19 2
26 124
43 869
4 6
29 121
23 20
46 668
4 2
20 95
6 9
42 803
50 653
38 515
33 176
37 321
26 4
12 65
3 2
21 106
32 251
30 413
37 171
41 438
45 860
24 248
22 161
41 129
21 198
34 147
2 1
6 8
26 190
29 138
22 118
35 501
48 62
4 6
37 176
23 16
7 10
31 106
13 57
47 701
50 1053
36 611
50 715
29 246
7 18
2 1
5 6
30 168
50 506
37 124
28 303
15 57
7 11
8 14
15 79
3 3
34 205
16 1
27 319
5 1
50 307
8 7
43 784
8 3
18 102
25 193
6 15
27 128
36 244
32 454
38 362
15 99
20 108
51 246
22 74
27 49
12 32
25 53
21 72
44 21
28 98
34 459
8 5
46 851
43 726
42 596
10 1
50 579
34 485
27 238
6 12
25 217
38 516
20 187
29 61
48 897
34 241
40 239
38 81
33 79
11 19
12 16
32 251
2 1
14 17
18 148
30 293
36 46
40 706
25 169
21 170
26 102
49 449
44 315
49 144
20 149
2 1
29 147
42 263
46 958
7 13
24 128
6 3
2 1
14 33
15 54
46 295
37 255
3 1
32 123
6 9
10 20
30 77
36 331
19 105
27 13
42 253
10 11
6 1
42 378
36 306
4 3
46 655
24 212
18 153
50 246
4 3
26 81
46 361
5 3
40 619
38 113
27 170
29 339
9 4
2 1
26 305
25 21
45 237
20 12
4 5
33 14
26 233
39 223
21 81
37 302
20 154
44 693
22 1
30 190
43 730
24 108
37 26
40 599
45 539
42 740
28 186
3 1
35 311
25 55
33 167
16 92
36 347
49 929
29 156
37 293
8 12
38 322
6 2
23 102
38 60
46 123
41 198
18 133
41 583
30 306
4 3
24 35
50 897
46 119
49 652
48 1060
40 425
50 369
14 19
43 754
39 177
14 63
38 246
2 1
23 140
50 474
25 223
14 70
45 669
3 2
40 381
49 209
36 158
21 150
21 183
49 749
51 488
36 368
43 536
15 78
18 32
39 561
37 238
17 53
12 21
23 113
18 92
28 154
20 179
4 2
12 12
49 63
15 57
51 1132
21 205
20 178
29 131
29 173
11 25
45 140
14 71
21 62
36 417
36 33
48 725
43 867
43 248
20 68
23 218
15 51
36 65
30 55
44 448
30 172
3 1
25 66
37 459
48 167
42 677
24 93
22 103
47 860
6 14
23 15
37 331
20 151
20 99
38 550
7 2
16 79
38 100
26 97
35 456
45 295
5 9
14 28
36 448
41 599
25 161
18 36
49 252
32 406
35 472
30 97
35 360
3 1
35 488
42 194
50 812
44 86
6 13
30 149
18 147
30 87
32 226
4 4
34 437
47 315
5 6
12 45
23 156
7 7
41 338
26 240
35 250
46 808
28 326
29 203
47 961
38 462
5 9
7 10
24 207
8 8
27 36
15 27
33 53
6 3
18 38
16 42
49 897
43 196
35 479
20 19
28 261
8 14
48 200
22 33
15 43
50 141
48 330
40 210
32 399
3 3
22 67
51 1219
26 318
45 890
13 46
42 219
21 177
23 208
11 47
38 338
22 6
16 89
49 569
49 904
46 1027
29 57
18 52
36 503
23 176
4 3
45 425
26 91
42 62
32 8
40 29
27 166
6 12
33 227
45 760
33 74
32 254
9 35
40 325
43 428
26 271
48 612
41 211
34 127
19 32
36 68
35 377
20 179
4 5
44 200
33 498
38 421
34 431
13 67
39 603
36 34
51 833
33 463
4 6
25 122
34 89
30 354
20 180
10 8
3 2
19 19
25 156
47 249
3 3
32 495
15 40
4 1
50 561
9 1
4 1
23 204
42 531
7 6
3 3
35 488
15 93
38 122
12 44
46 42
43 112
3 1
43 57
25 41
44 359
44 32
14 18
36 355
20 60
17 118
6 6
25 118
6 15
7 21
46 938
27 27
31 280
48 977
36 310
16 108
3 1
26 164
25 59
22 136
49 380
14 68
39 736
22 165
50 728
10 23
33 300
33 199
16 18
37 516
48 84
28 174
8 19
17 64
12 60
26 310
24 35
14 35
27 37
6 14
15 23
19 55
50 750
9 19
28 219
15 96
46 762
28 207
45 392
36 84
28 289
14 80
49 67
13 23
10 17
50 975
30 188
21 119
20 29
45 736
23 70
24 130
50 99
19 62
42 691
49 213
14 9
23 237
40 293
37 195
2 1
24 98
5 4
11 32
24 97
20 16
13 51
14 59
45 222
6 6
37 258
5 8
19 94
12 36
11 51
7 10
33 181
44 723
25 55
11 51
10 11
42 486
24 123
34 169
36 430
2 1
46 192
20 24
34 2
22 191
27 225
7 9
8 2
46 140
3 3
29 71
38 192
35 316
24 115
30 114
9 27
31 179
38 661
19 83
29 220
18 122
17 116
15 94
23 41
7 20
17 23
38 198
3 1
16 16
40 73
35 593
24 251
4 2
13 70
36 141
11 21
47 1062
26 286
50 1221
21 154
23 67
39 150
42 30
32 223
16 11
2 1
21 164
16 82
38 76
45 961
20 133
22 111
30 165
27 18
43 592
35 149
35 303
25 25
13 14
34 287
29 110
30 127
8 3
21 3
22 77
16 109
20 25
5 10
33 227
29 11
26 64
39 266
37 631
36 99
21 117
29 87
51 482
46 313
50 340
3 1
32 380
10 45
4 4
50 184
43 636
11 12
42 41
28 81
13 31
26 132
28 301
29 5
10 45
37 447
42 660
31 346
6 3
23 210
3 3
43 148
49 998
12 4
2 1
17 112
48 231
46 651
46 665
5 5
50 716
16 9
31 129
10 40
33 313
42 242
3 2
28 325
37 372
42 63
27 32
2 1
51 271
51 1171
23 213
3 3
46 662
11 40
11 55
12 43
3 2
28 158
38 400
7 8
46 923
10 45
7 21
45 227
8 1
4 2
50 854
50 1071
23 48
21 92
30 97
27 194
35 570
37 395
11 51
45 644
40 75
26 246
17 89
3 2
16 54
4 2
11 21
10 21
11 20
15 55
12 50
21 54
47 84
17 17
49 1006
11 41
17 90
34 413
5 4
7 7
41 410
35 174
13 74
32 273
24 187
13 71
37 146
29 353
39 227
38 67
8 14
23 120
32 412
7 19
41 123
8 21
23 104
30 263
34 500
6 15
6 6
40 22
50 1041
25 87
14 52
24 57
10 32
45 742
3 1
29 159
14 40
22 135
26 199
17 71
11 32
12 56
39 38
9 30
17 59
25 229
46 844
50 528
48 403
47 884
44 625
42 96
9 5
42 8
13 31
39 702
31 370
37 73
49 593
8 22
27 101
47 209
31 436
25 76
41 470
27 332
45 228
41 134
33 6
36 553
41 735
16 72
25 253
43 420
48 254
38 476
31 109
44 641
30 254
40 629
41 696
4 3
36 434
39 640
26 273
12 17
50 875
41 272
30 221
44 250
32 39
50 562
15 94
23 112
15 97
14 58
28 275
40 423
9 5
30 402
2 1
51 949
16 99
21 184
23 65
20 132
48 253
14 73
13 44
6 10
51 619
28 292
34 369
42 607
45 409
24 210
8 25
45 941
14 22
17 134
30 159
38 679
4 3
39 342
40 214
40 558
13 71
16 66
35 167
36 389
26 134
25 133
34 380
7 2
33 69
34 452
8 22
38 490
23 96
25 210
20 54
50 657
32 466
28 246
23 149
48 527
23 15
32 308
40 366
2 1
8 8
32 263
6 5
24 34
46 343
37 224
13 76
48 768
50 1001
12 31
39 605
20 79
28 281
16 75
38 674
37 435
51 218
10 36
40 323
33 470
31 179
2 1
5 9
37 453
25 197
28 352
4 1
23 249
48 426
46 233
6 7
28 206
3 3
13 76
20 65
26 324
16 45
42 716
25 227
25 247
26 127
11 17
49 270
11 50
22 173
30 240
39 161
32 175
43 743
29 275
37 217
12 28
30 226
20 2
30 250
2 1
47 253
33 164
46 106
43 465
47 437
43 190
28 2
24 221
14 82
32 468
6 1
50 1058
42 53
38 66
17 21
27 209
51 932
9 9
50 276
13 37
24 83
32 111
28 186
20 39
9 9
40 44
40 179
49 578
11 29
6 15
23 207
39 374
40 527
21 127
49 887
36 620
36 186
21 91
22 152
3 1
38 114
44 236
33 450
10 27
27 264
19 157
45 887
25 282
5 3
22 220
26 205
25 162
23 139
25 292
32 207
24 176
19 90
46 950
8 23
44 566
20 152
35 219
20 88
47 169
51 816
25 77
23 147
39 273
42 187
38 594
37 606
42 634
25 185
5 2
42 436
18 98
11 16
25 228
9 11
2 1
37 560
36 628
25 22
2 1
36 327
36 232
49 195
27 50
12 16
6 13
30 372
14 50
25 39
18 93
10 12
42 747
43 569
7 5
50 683
30 388
45 175
7 1
41 352
16 72
14 8
6 13
45 729
34 231
8 19
50 893
19 159
15 96
18 30
29 89
27 66
3 3
25 57
15 13
41 770
18 95
4 5
46 31
40 569
14 80
30 81
16 38
3 1
10 18
49 80
38 143
48 480
46 605
47 41
36 26
43 872
40 164
22 103
41 491
14 46
11 17
15 29
40 186
4 5
36 242
39 396
27 275
11 18
7 11
34 215
46 529
43 430
21 162
19 48
25 232
13 12
26 300
10 16
41 694
17 83
16 4
48 167
40 379
18 55
17 63
36 560
27 42
45 745
40 83
4 5
46 494
51 1169
40 588
35 490
24 116
5 10
6 13
33 39
12 46
42 686
51 625
38 473
4 6
21 143
44 286
8 13
39 184
10 43
15 18
8 24
45 503
28 14
16 120
45 545
10 14
3 2
10 5
34 533
20 174
6 3
28 78
4 6
18 120
44 150
7 9
23 134
15 78
49 78
9 5
5 6
28 245
25 235
47 370
50 91
14 65
32 333
17 119
8 19
47 515
17 121
51 787
2 1
38 510
45 694
42 689
12 47
6 9
4 6
44 533
21 147
6 7
49 9
37 380
6 7
3 2
35 474
12 39
19 116
33 382
41 124
11 50
43 558
37 56
21 200
47 772
38 638
41 164
22 44
38 177
10 35
47 1021
44 70
27 255
5 10
25 243
36 203
46 822
2 1
21 101
14 53
10 41
19 109
35 503
29 6
15 26
15 36
30 6
20 167
19 164
17 135
18 10
29 199
29 60
45 680
49 1018
16 9
10 4
12 18
24 120
17 24
26 6
47 702
39 90
12 62
39 509
51 29
29 15
17 73
6 4
7 8
17 116
15 89
6 14
21 47
12 19
15 57
18 60
41 614
26 250
12 20
29 171
16 27
38 1
16 101
41 641
48 408
43 48
34 558
35 37
26 96
39 88
34 296
51 1124
11 26
26 220
39 596
31 414
11 24
37 509
12 63
48 1075
35 390
18 44
39 165
23 72
48 304
6 4
16 6
3 3
32 283
47 872
31 147
25 292
46 734
21 58
38 15
15 61
8 22
42 463
34 68
12 34
24 51
11 43
23 195
16 22
43 72
23 48
40 607
17 35
6 10
43 51
3 2
14 61
40 175
6 2
18 28
6 14
34 57
29 142
30 173
8 22
5 10
46 482
27 38
28 56
46 805
26 173
26 214
7 21
45 232
38 479
29 55
51 787
7 15
